episode,step,x,y,yaw,ey,epsi,s,speed,raw_steer,safe_steer,steer_correction,interventions,emergency,joint_envelope_violated,oscillation_persistent,cv_ok,cv_state_available,cv_perception_invalid,cv_ey,cv_epsi,cv_confidence,cv_curvature,cv_lane_width,cv_n_lines,cv_reason
0,1,-0.835708,-1.609830,-0.009826,0.012670,-0.009826,2.003227,0.055919,-0.144890,-0.144890,0.000000,,0,0,0,1,1,0,0.023184,-0.006046,0.5208,0.0000,0.2683,2,ok
0,2,-0.824870,-1.609993,-0.029055,0.012507,-0.029055,2.014065,0.119481,-0.237313,-0.237313,0.000000,,0,0,0,1,1,0,0.022172,-0.013619,0.5417,0.0000,0.2680,2,ok
0,3,-0.810020,-1.610217,-0.051616,0.012283,-0.051616,2.028916,0.172316,-0.338048,-0.338048,0.000000,,0,0,0,1,1,0,0.020310,-0.030316,0.5417,0.0000,0.2668,2,ok
0,4,-0.786652,-1.610571,-0.078105,0.011929,-0.078105,2.052283,0.199432,-0.324579,-0.324579,0.000000,,0,0,0,1,1,0,0.017746,-0.048594,0.5208,0.0000,0.2663,2,ok
0,5,-0.766698,-1.612039,-0.050734,0.010461,-0.050734,2.072237,0.200326,0.497716,0.497716,0.000000,C-06,0,0,0,1,1,0,0.012697,-0.081051,0.5000,0.0000,0.2670,2,ok
0,6,-0.746707,-1.613593,0.013413,0.008907,0.013413,2.092228,0.200592,1.000000,1.000000,0.000000,C-06,0,0,0,1,1,0,0.014121,-0.068466,0.4792,0.0000,0.2660,2,ok
0,7,-0.726713,-1.613909,0.030187,0.008591,0.030187,2.112222,0.199914,0.161987,0.161987,0.000000,C-06,0,0,0,1,1,0,0.019619,-0.008668,0.5417,0.0000,0.2666,2,ok
0,8,-0.702723,-1.613234,0.026681,0.009266,0.026681,2.135135,0.200020,-0.057427,-0.057427,0.000000,C-06,0,0,0,1,1,0,0.022442,0.019554,0.5833,0.0000,0.2668,2,ok
0,9,-0.678730,-1.612506,0.021668,0.009994,0.021668,2.160205,0.200044,-0.070777,-0.070777,0.000000,,0,0,0,1,1,0,0.022705,0.022102,0.5833,0.0000,0.2670,2,ok
0,10,-0.658735,-1.611984,0.019689,0.010516,0.019689,2.180201,0.200023,-0.025152,-0.025152,0.000000,,0,0,0,1,1,0,0.022782,0.015808,0.5417,0.0000,0.2672,2,ok
0,11,-0.638738,-1.611488,0.013858,0.011012,0.013858,2.200198,0.200041,-0.088803,-0.088803,0.000000,,0,0,0,1,1,0,0.023358,0.015519,0.5625,0.0000,0.2667,2,ok
0,12,-0.614739,-1.610893,0.004100,0.011607,0.004100,2.224197,0.200059,-0.116978,-0.116978,0.000000,,0,0,0,1,1,0,0.023236,0.006693,0.5417,0.0000,0.2669,2,ok
0,13,-0.590739,-1.610355,-0.005309,0.012145,-0.005309,2.248197,0.200032,-0.110493,-0.110493,0.000000,,0,0,0,1,1,0,0.022811,-0.001374,0.5208,0.0000,0.2670,2,ok
0,14,-0.570741,-1.610003,-0.023931,0.012497,-0.023931,2.268195,0.199979,-0.281855,-0.281855,0.000000,C-06,0,0,0,1,1,0,0.021937,-0.007818,0.5000,0.0000,0.2672,2,ok
0,15,-0.550754,-1.609652,-0.047216,0.012848,-0.047216,2.285335,0.199820,-0.342066,-0.342066,0.000000,,0,0,0,1,1,0,0.021086,-0.022082,0.4792,0.0000,0.2666,2,ok
0,16,-0.530770,-1.610458,-0.023864,0.012042,-0.023864,2.308166,0.200157,0.460214,0.460214,0.000000,C-06,0,0,0,1,1,0,0.019020,-0.045032,0.5000,0.0000,0.2659,2,ok
0,17,-0.506777,-1.611591,0.047972,0.010909,0.047972,2.332159,0.200024,0.924905,0.924905,0.000000,C-06,0,0,0,1,1,0,0.018009,-0.047813,0.5417,0.0000,0.2667,2,ok
0,18,-0.482809,-1.610534,0.049289,0.011966,0.049289,2.356127,0.200035,-0.065587,-0.065587,0.000000,C-06,0,0,0,1,1,0,0.025630,0.029060,0.5833,0.0000,0.2660,2,ok
0,19,-0.462832,-1.609476,0.047146,0.013024,0.047146,2.376104,0.200057,-0.028307,-0.028307,0.000000,,0,0,0,1,1,0,0.027998,0.045279,0.5417,0.0000,0.2673,2,ok
0,20,-0.442851,-1.608422,0.040044,0.014078,0.040044,2.396084,0.200114,-0.111590,-0.111590,0.000000,,0,0,0,1,1,0,0.028572,0.043564,0.5417,0.0000,0.2674,2,ok
0,21,-0.422864,-1.607368,0.029391,0.015132,0.029391,2.416072,0.200188,-0.158471,-0.158471,0.000000,,0,0,0,1,1,0,0.029245,0.039550,0.5208,0.0000,0.2668,2,ok
0,22,-0.398869,-1.606104,0.012152,0.016396,0.012152,2.440066,0.200261,-0.209843,-0.209843,0.000000,,0,0,0,1,1,0,0.029493,0.024658,0.5208,0.0000,0.2664,2,ok
0,23,-0.378870,-1.605434,0.003420,0.017066,0.003420,2.460066,0.200080,-0.116321,-0.116321,0.000000,,0,0,0,1,1,0,0.028367,0.006733,0.5000,0.0000,0.2668,2,ok
0,24,-0.358870,-1.604884,-0.013883,0.017616,-0.013883,2.480065,0.200059,-0.259681,-0.259681,0.000000,,0,0,0,1,1,0,0.028105,-0.003871,0.4792,0.0000,0.2668,2,ok
0,25,-0.338874,-1.604718,-0.023344,0.017782,-0.023344,2.500062,0.199949,-0.124097,-0.124097,0.000000,,0,0,0,1,1,0,0.027043,-0.021965,0.5000,0.0000,0.2656,2,ok
0,26,-0.314876,-1.605182,0.009903,0.017318,0.009903,2.524059,0.200038,0.472237,0.472237,0.000000,C-06,0,0,0,1,1,0,0.025638,-0.031636,0.5417,0.0000,0.2663,2,ok
0,27,-0.290882,-1.605670,0.029571,0.016830,0.029571,2.548054,0.199944,0.219246,0.219246,0.000000,C-06,0,0,0,1,1,0,0.027860,-0.007084,0.6042,0.0000,0.2667,2,ok
0,28,-0.270889,-1.605147,0.020850,0.017353,0.020850,2.568047,0.200043,-0.162723,-0.162723,0.000000,C-06,0,0,0,1,1,0,0.030242,0.014085,0.5625,0.0000,0.2668,2,ok
0,29,-0.246892,-1.604430,0.009535,0.018070,0.009535,2.592044,0.200079,-0.132571,-0.132571,0.000000,,0,0,0,1,1,0,0.030268,0.021982,0.5417,0.0000,0.2677,2,ok
0,30,-0.222892,-1.603714,-0.003679,0.018786,-0.003679,2.616043,0.200088,-0.157394,-0.157394,0.000000,,0,0,0,1,1,0,0.029772,0.013999,0.5625,0.0000,0.2660,2,ok
0,31,-0.198892,-1.603759,-0.000810,0.018741,-0.000810,2.640043,0.200002,0.049977,0.049977,0.000000,C-06,0,0,0,1,1,0,0.029194,-0.006777,0.5208,0.0000,0.2666,2,ok
0,32,-0.174892,-1.603778,-0.006794,0.018722,-0.006794,2.664043,0.199996,-0.080608,-0.080608,0.000000,,0,0,0,1,1,0,0.029009,-0.008599,0.5000,0.0000,0.2670,2,ok
0,33,-0.150897,-1.603790,-0.030188,0.018710,-0.030188,2.685835,0.199916,-0.301528,-0.301528,0.000000,C-06,0,0,0,1,1,0,0.028570,-0.013148,0.5000,0.0000,0.2668,2,ok
0,34,-0.130911,-1.603814,-0.044421,0.018686,-0.044421,2.708025,0.199811,-0.195505,-0.195505,0.000000,,0,0,0,1,1,0,0.027364,-0.031146,0.4792,0.0000,0.2659,2,ok
0,35,-0.106923,-1.604798,-0.006326,0.017702,-0.006326,2.732012,0.200189,0.564945,0.564945,0.000000,C-06,0,0,0,1,1,0,0.024354,-0.044282,0.5625,0.0000,0.2666,2,ok
0,36,-0.082926,-1.605861,0.027327,0.016639,0.027327,2.756010,0.200130,0.386803,0.386803,0.000000,C-06,0,0,0,1,1,0,0.026539,-0.021979,0.5833,0.0000,0.2666,2,ok
0,37,-0.058935,-1.605315,0.026319,0.017185,0.026319,2.780000,0.200012,-0.048182,-0.048182,0.000000,C-06,0,0,0,1,1,0,0.029037,0.012444,0.5625,0.0000,0.2665,2,ok
0,38,-0.038939,-1.604741,0.010379,0.017759,0.010379,2.799996,0.200070,-0.250107,-0.250107,0.000000,C-06,0,0,0,1,1,0,0.030928,0.022213,0.5417,0.0000,0.2668,2,ok
0,39,-0.014940,-1.604064,-0.000684,0.018436,-0.000684,2.823996,0.200067,-0.123106,-0.123106,0.000000,,0,0,0,1,1,0,0.029420,0.006721,0.5417,0.0000,0.2662,2,ok
0,40,0.009060,-1.603966,-0.003194,0.018534,-0.003194,2.847996,0.199999,-0.021946,-0.021946,0.000000,,0,0,0,1,1,0,0.029182,-0.005962,0.5208,0.0000,0.2666,2,ok
0,41,0.033059,-1.603934,-0.014669,0.018566,-0.014669,2.871995,0.199980,-0.145873,-0.145873,0.000000,,0,0,0,1,1,0,0.028717,-0.010990,0.5208,0.0000,0.2666,2,ok
0,42,0.053053,-1.603907,-0.033437,0.018593,-0.033437,2.891989,0.199895,-0.284565,-0.284565,0.000000,,0,0,0,1,1,0,0.027683,-0.020971,0.4583,0.0000,0.2664,2,ok
0,43,0.077041,-1.604684,-0.027305,0.017816,-0.027305,2.915977,0.200047,0.106499,0.106499,0.000000,C-06,0,0,0,1,1,0,0.025713,-0.038452,0.5208,0.0000,0.2656,2,ok
0,44,0.101038,-1.605530,0.015705,0.016970,0.015705,2.939974,0.200106,0.569783,0.569783,0.000000,C-06,0,0,0,1,1,0,0.024854,-0.042463,0.5417,0.0000,0.2663,2,ok
0,45,0.125033,-1.605479,0.024808,0.017021,0.024808,2.963968,0.199946,0.081793,0.081793,0.000000,C-06,0,0,0,1,1,0,0.028682,0.006263,0.5625,0.0000,0.2668,2,ok
0,46,0.149027,-1.604900,0.016361,0.017600,0.016361,2.986235,0.200036,-0.116309,-0.116309,0.000000,C-06,0,0,0,1,1,0,0.030200,0.016588,0.5208,0.0000,0.2675,2,ok
0,47,0.169026,-1.604395,0.004655,0.018105,0.004655,3.007962,0.200061,-0.171795,-0.171795,0.000000,,0,0,0,1,1,0,0.030390,0.014780,0.5208,0.0000,0.2671,2,ok
0,48,0.193026,-1.603943,-0.003041,0.018557,-0.003041,3.031962,0.200023,-0.084913,-0.084913,0.000000,,0,0,0,1,1,0,0.029430,0.004604,0.5625,0.0000,0.2661,2,ok
0,49,0.217026,-1.603996,-0.001941,0.018504,-0.001941,3.055961,0.200001,0.021094,0.021094,0.000000,,0,0,0,1,1,0,0.028646,-0.009354,0.5417,0.0000,0.2668,2,ok
0,50,0.241024,-1.604078,-0.022526,0.018422,-0.022526,3.079960,0.199955,-0.278483,-0.278483,0.000000,C-06,0,0,0,1,1,0,0.028741,-0.010856,0.5000,0.0000,0.2665,2,ok
0,51,0.265011,-1.604160,-0.043399,0.018340,-0.043399,3.103946,0.199821,-0.249291,-0.249291,0.000000,,0,0,0,1,1,0,0.026783,-0.030611,0.5000,0.0000,0.2659,2,ok
0,52,0.284999,-1.604980,-0.016610,0.017520,-0.016610,3.123934,0.200167,0.498099,0.498099,0.000000,C-06,0,0,0,1,1,0,0.024327,-0.047512,0.5417,0.0000,0.2660,2,ok
0,53,0.308998,-1.606058,0.012395,0.016442,0.012395,3.147933,0.200189,0.331512,0.331512,0.000000,C-06,0,0,0,1,1,0,0.024683,-0.033465,0.5833,0.0000,0.2668,2,ok
0,54,0.332996,-1.605826,0.010919,0.016674,0.010919,3.171931,0.200008,-0.048246,-0.048246,0.000000,C-06,0,0,0,1,1,0,0.027295,-0.005986,0.5625,0.0000,0.2675,2,ok
0,55,0.352995,-1.605538,-0.000363,0.016962,-0.000363,3.191931,0.200021,-0.173283,-0.173283,0.000000,,0,0,0,1,1,0,0.028309,0.005527,0.5625,0.0000,0.2666,2,ok
0,56,0.376995,-1.605329,-0.005774,0.017171,-0.005774,3.215931,0.200001,-0.055907,-0.055907,0.000000,,0,0,0,1,1,0,0.027647,-0.001240,0.5208,0.0000,0.2667,2,ok
0,57,0.400995,-1.605437,-0.005717,0.017063,-0.005717,3.239930,0.199999,0.004729,0.004729,0.000000,,0,0,0,1,1,0,0.027066,-0.012022,0.5208,0.0000,0.2667,2,ok
0,58,0.424993,-1.605562,-0.017634,0.016938,-0.017634,3.263929,0.199974,-0.153609,-0.153609,0.000000,C-06,0,0,0,1,1,0,0.026650,-0.012642,0.5208,0.0000,0.2669,2,ok
0,59,0.448983,-1.605687,-0.039211,0.016813,-0.039211,3.286535,0.199857,-0.265871,-0.265871,0.000000,,0,0,0,1,1,0,0.025567,-0.021845,0.4792,0.0000,0.2666,2,ok
0,60,0.468963,-1.606010,-0.049573,0.016490,-0.049573,3.307899,0.199805,-0.137793,-0.137793,0.000000,,0,0,0,1,1,0,0.023775,-0.039985,0.4792,0.0000,0.2654,2,ok
0,61,0.492950,-1.607142,0.005302,0.015358,0.005302,3.331885,0.200237,0.795463,0.795463,0.000000,C-06,0,0,0,1,1,0,0.021741,-0.054465,0.5625,0.0000,0.2665,2,ok
0,62,0.516944,-1.608082,0.032493,0.014418,0.032493,3.355880,0.199978,0.287410,0.287410,0.000000,C-06,0,0,0,1,1,0,0.025116,-0.013016,0.5833,0.0000,0.2668,2,ok
0,63,0.540930,-1.607384,0.034603,0.015116,0.034603,3.379866,0.199992,0.005622,0.005622,0.000000,C-06,0,0,0,1,1,0,0.027068,0.008065,0.5833,0.0000,0.2671,2,ok
0,64,0.564921,-1.606581,0.017158,0.015919,0.017158,3.403857,0.200079,-0.231817,-0.231817,0.000000,C-06,0,0,0,1,1,0,0.029970,0.029396,0.5208,0.0000,0.2670,2,ok
0,65,0.588920,-1.605777,0.003755,0.016723,0.003755,3.427855,0.200110,-0.153656,-0.153656,0.000000,,0,0,0,1,1,0,0.028576,0.016952,0.5417,0.0000,0.2662,2,ok
0,66,0.612920,-1.605581,0.001294,0.016919,0.001294,3.451855,0.200003,-0.020070,-0.020070,0.000000,,0,0,0,1,1,0,0.027933,0.001246,0.5417,0.0000,0.2667,2,ok
0,67,0.636919,-1.605451,-0.017438,0.017049,-0.017438,3.475854,0.199976,-0.244956,-0.244956,0.000000,C-06,0,0,0,1,1,0,0.027578,-0.006205,0.5000,0.0000,0.2665,2,ok
0,68,0.656911,-1.605342,-0.038001,0.017158,-0.038001,3.495846,0.199867,-0.300673,-0.300673,0.000000,,0,0,0,1,1,0,0.026242,-0.020628,0.4792,0.0000,0.2663,2,ok
0,69,0.680897,-1.606163,-0.026155,0.016337,-0.026155,3.519832,0.200069,0.187278,0.187278,0.000000,C-06,0,0,0,1,1,0,0.024120,-0.039031,0.5417,0.0000,0.2664,2,ok
0,70,0.704894,-1.607066,0.007366,0.015434,0.007366,3.543830,0.200138,0.415438,0.415438,0.000000,C-06,0,0,0,1,1,0,0.023329,-0.034571,0.5833,0.0000,0.2672,2,ok
0,71,0.728892,-1.607246,0.016660,0.015254,0.016660,3.567828,0.199974,0.087365,0.087365,0.000000,C-06,0,0,0,1,1,0,0.025873,-0.008873,0.5625,0.0000,0.2668,2,ok
0,72,0.752891,-1.606870,0.005551,0.015630,0.005551,3.591826,0.200025,-0.153741,-0.153741,0.000000,C-06,0,0,0,1,1,0,0.027360,0.006871,0.5417,0.0000,0.2672,2,ok
0,73,0.772890,-1.606530,-0.007852,0.015970,-0.007852,3.611826,0.200024,-0.193427,-0.193427,0.000000,,0,0,0,1,1,0,0.027384,0.008103,0.5417,0.0000,0.2669,2,ok
0,74,0.796889,-1.606483,-0.013556,0.016017,-0.013556,3.635824,0.199982,-0.057276,-0.057276,0.000000,,0,0,0,1,1,0,0.025657,-0.012759,0.5208,0.0000,0.2665,2,ok
0,75,0.820886,-1.606653,-0.016827,0.015847,-0.016827,3.659822,0.199980,-0.037414,-0.037414,0.000000,,0,0,0,1,1,0,0.025097,-0.020717,0.5208,0.0000,0.2668,2,ok
0,76,0.844877,-1.606874,-0.039846,0.015626,-0.039846,3.683812,0.199859,-0.305482,-0.305482,0.000000,C-06,0,0,0,1,1,0,0.024234,-0.025090,0.4792,0.0000,0.2667,2,ok
0,77,0.868855,-1.607745,-0.043267,0.014755,-0.043267,3.707791,0.199968,-0.019362,-0.019362,0.000000,C-06,0,0,0,1,1,0,0.022536,-0.044616,0.5000,0.0000,0.2653,2,ok
0,78,0.888846,-1.608605,0.001170,0.013895,0.001170,3.727781,0.200187,0.802202,0.802202,0.000000,C-06,0,0,0,1,1,0,0.020357,-0.050878,0.5625,0.0000,0.2658,2,ok
0,79,0.912845,-1.608763,0.010599,0.013737,0.010599,3.751781,0.199989,0.054801,0.054801,0.000000,C-06,0,0,0,1,1,0,0.021233,-0.033901,0.5833,0.0000,0.2673,2,ok
0,80,0.936844,-1.608539,0.005420,0.013961,0.005420,3.775780,0.200007,-0.071721,-0.071721,0.000000,,0,0,0,1,1,0,0.025085,0.003294,0.5625,0.0000,0.2676,2,ok
0,81,0.956844,-1.608336,-0.007533,0.014164,-0.007533,3.795780,0.200006,-0.196727,-0.196727,0.000000,,0,0,0,1,1,0,0.024606,0.003090,0.5625,0.0000,0.2679,2,ok
0,82,0.980843,-1.608509,-0.008864,0.013991,-0.008864,3.819779,0.200000,-0.001077,-0.001077,0.000000,C-06,0,0,0,1,1,0,0.024008,-0.006224,0.5417,0.0000,0.2670,2,ok
0,83,1.004840,-1.608716,-0.023166,0.013784,-0.023166,3.843776,0.199957,-0.188546,-0.188546,0.000000,C-06,0,0,0,1,1,0,0.023396,-0.016496,0.5625,0.0000,0.2668,2,ok
0,84,1.028818,-1.608924,-0.061433,0.013576,-0.061433,3.867754,0.199652,-0.496193,-0.496193,0.000000,C-06,0,0,0,1,1,0,0.021710,-0.026426,0.5000,0.0000,0.2669,2,ok
0,85,1.052749,-1.609244,-0.089438,0.013256,-0.089438,3.891684,0.199280,-0.334202,-0.334202,0.000000,C-06,0,0,0,1,1,0,0.018410,-0.052517,0.4583,0.0000,0.2665,2,ok
0,86,1.072693,-1.610888,-0.039447,0.011612,-0.039447,3.911629,0.200584,1.000000,1.000000,0.000000,C-06,0,0,0,1,1,0,0.013206,-0.093410,0.4375,0.0000,0.2657,2,ok
0,87,1.096689,-1.612997,0.009879,0.009503,0.009879,3.935624,0.200764,0.550978,0.550978,0.000000,C-06,0,0,0,1,1,0,0.015136,-0.058503,0.4583,0.0000,0.2673,2,ok
0,88,1.120687,-1.612842,0.012626,0.009658,0.012626,3.959623,0.200000,-0.000171,-0.000171,0.000000,C-06,0,0,0,1,1,0,0.017214,-0.005281,0.4792,0.0000,0.2644,2,ok
0,89,1.144686,-1.612539,0.007301,0.009961,0.007301,3.983621,0.200010,-0.068033,-0.068033,0.000000,,0,0,0,1,1,0,0.017584,0.022214,0.5417,0.0000,0.2663,2,ok
0,90,1.168685,-1.612237,-0.009707,0.010263,-0.009707,4.007621,0.200008,-0.211520,-0.211520,0.000000,,0,0,0,1,1,0,0.016884,0.021600,0.5208,0.0000,0.2659,2,ok
0,91,1.188682,-1.611984,-0.026896,0.010516,-0.026896,4.027617,0.199949,-0.248887,-0.248887,0.000000,,0,0,0,1,1,0,0.015101,0.017340,0.5000,0.0000,0.2651,2,ok
0,92,1.212661,-1.611682,-0.054799,0.010818,-0.054799,4.051597,0.199730,-0.346776,-0.346776,0.000000,,0,0,0,1,1,0,0.011885,0.003727,0.4583,0.0000,0.2668,2,ok
0,93,1.236605,-1.611779,-0.081160,0.010721,-0.081160,4.075541,0.199390,-0.323244,-0.323244,0.000000,,0,0,0,1,1,0,0.007177,-0.008051,0.4167,0.0000,0.2670,2,ok
0,94,1.256558,-1.613299,-0.041198,0.009201,-0.041198,4.095494,0.200481,0.788602,0.788602,0.000000,C-06,0,0,0,1,1,0,0.005779,-0.017118,0.4167,0.0000,0.2669,2,ok
0,95,1.280553,-1.615273,0.026543,0.007227,0.026543,4.119489,0.200620,0.808382,0.808382,0.000000,,0,0,0,1,1,0,0.004709,-0.012699,0.4167,0.0000,0.2687,2,ok
0,96,1.304539,-1.614985,0.036906,0.007515,0.038963,4.143475,0.199919,0.066849,0.066849,0.000000,C-06,0,0,0,1,1,0,0.013572,0.072406,0.5000,0.0000,0.2662,2,ok
0,97,1.328521,-1.614319,0.041581,0.008181,0.043639,4.167456,0.199919,0.055684,0.055684,0.000000,,0,0,0,1,1,0,0.015298,0.095718,0.5208,0.0000,0.2659,2,ok
0,98,1.352502,-1.613345,0.035519,0.009155,0.041708,4.191438,0.200045,-0.087669,-0.087669,0.000000,,0,0,0,1,1,0,0.017797,0.098233,0.4792,0.0000,0.2667,2,ok
0,99,1.372492,-1.612513,0.027414,0.009987,0.033604,4.211428,0.200095,-0.119528,-0.119528,0.000000,,0,0,0,1,1,0,0.018799,0.101848,0.4583,0.0000,0.2681,2,ok
0,100,1.396487,-1.611514,0.014839,0.010986,0.021028,4.235422,0.200149,-0.152394,-0.152394,0.000000,,0,0,0,1,1,0,0.019936,0.094651,0.4375,0.0000,0.2657,2,ok
0,101,1.420486,-1.610516,-0.002956,0.012213,0.011080,4.259297,0.200173,-0.214859,-0.214859,0.000000,,0,0,0,1,1,0,0.020069,0.090587,0.4583,0.0000,0.2667,2,ok
0,102,1.444484,-1.609755,-0.020365,0.013220,-0.006329,4.283286,0.200016,-0.205852,-0.205852,0.000000,,0,0,0,1,1,0,0.019961,0.074446,0.3750,0.0000,0.2668,2,ok
0,103,1.468475,-1.609591,-0.034192,0.013854,-0.010755,4.307131,0.199887,-0.162504,-0.162504,0.000000,,0,0,0,1,1,0,0.020256,0.066136,0.3958,0.0000,0.2656,2,ok
0,104,1.488461,-1.609991,-0.040043,0.013867,-0.016607,4.327121,0.199900,-0.076921,-0.076921,0.000000,,0,0,0,1,1,0,0.020489,0.049418,0.4583,0.0000,0.2654,2,ok
0,105,1.512443,-1.610935,-0.036231,0.013732,-0.001402,4.350866,0.200031,0.056719,0.056719,0.000000,,0,0,0,1,1,0,0.020002,0.043464,0.5000,0.0000,0.2665,2,ok
0,106,1.536425,-1.611804,-0.042290,0.013804,-0.007460,4.374863,0.199953,-0.083859,-0.083859,0.000000,,0,0,0,1,1,0,0.023077,0.037529,0.5208,0.0000,0.2659,2,ok
0,107,1.556403,-1.612522,-0.051381,0.013965,-0.005947,4.394746,0.199870,-0.137635,-0.137635,0.000000,,0,0,0,1,1,0,0.022955,0.036491,0.5000,0.0000,0.2667,2,ok
0,108,1.580365,-1.613392,-0.060679,0.014222,-0.015245,4.418723,0.199781,-0.111949,-0.111949,0.000000,,0,0,0,1,1,0,0.023613,0.029430,0.5208,0.0000,0.2663,2,ok
0,109,1.604321,-1.614816,-0.059635,0.014035,-0.003784,4.442580,0.200014,0.021900,0.021900,0.000000,,0,0,0,1,1,0,0.022112,0.015874,0.4167,0.0000,0.2664,2,ok
0,110,1.628275,-1.616264,-0.064914,0.013953,-0.009063,4.466577,0.199946,-0.071857,-0.071857,0.000000,,0,0,0,1,1,0,0.023011,0.013727,0.4375,0.0000,0.2677,2,ok
0,111,1.652209,-1.617711,-0.083767,0.013934,-0.021243,4.490467,0.199678,-0.247047,-0.247047,0.000000,C-06,0,0,0,1,1,0,0.022537,0.012774,0.4167,0.0000,0.2702,2,ok
0,112,1.672136,-1.619264,-0.087178,0.013645,-0.024654,4.510452,0.199884,-0.036069,-0.036069,0.000000,C-06,0,0,0,1,1,0,0.022155,-0.008157,0.4583,0.0000,0.2681,2,ok
0,113,1.696070,-1.621344,-0.055807,0.013127,0.012979,4.534346,0.200428,0.436931,0.436931,0.000000,C-06,0,0,0,1,1,0,0.020976,-0.014440,0.5208,0.0000,0.2683,2,ok
0,114,1.720043,-1.623343,-0.039050,0.012876,0.029737,4.558401,0.200438,0.184088,0.184088,0.000000,C-06,0,0,0,1,1,0,0.022654,0.006248,0.5000,0.0000,0.2670,2,ok
0,115,1.744021,-1.624372,-0.049413,0.013592,0.019373,4.579249,0.199928,-0.149470,-0.149470,0.000000,C-06,0,0,0,1,1,0,0.025011,0.029597,0.5208,0.0000,0.2668,2,ok
0,116,1.767977,-1.625350,-0.071221,0.014354,0.001772,4.606356,0.199674,-0.278888,-0.278888,0.000000,,0,0,0,1,1,0,0.026904,0.021979,0.5000,0.0000,0.2667,2,ok
0,117,1.787920,-1.626488,-0.078371,0.014666,-0.005378,4.626329,0.199765,-0.086733,-0.086733,0.000000,C-06,0,0,0,1,1,0,0.026760,0.001179,0.4375,0.0000,0.2671,2,ok
0,118,1.811855,-1.628352,-0.068361,0.014665,0.007538,4.650252,0.200145,0.139655,0.139655,0.000000,C-06,0,0,0,1,1,0,0.025917,-0.010721,0.4375,0.0000,0.2674,2,ok
0,119,1.835784,-1.630055,-0.087224,0.014839,-0.011325,4.674242,0.199754,-0.272183,-0.272183,0.000000,C-06,0,0,0,1,1,0,0.027069,-0.014775,0.4375,0.0000,0.2668,2,ok
0,120,1.855694,-1.631462,-0.102436,0.014989,-0.025610,4.694205,0.199466,-0.225664,-0.225664,0.000000,,0,0,0,1,1,0,0.026693,-0.029658,0.3750,0.0000,0.2640,2,ok
0,121,1.879576,-1.633841,-0.094115,0.014478,-0.017289,4.718200,0.200122,0.125032,0.125032,0.000000,C-06,0,0,0,1,1,0,0.024832,-0.036579,0.3750,0.0000,0.2673,2,ok
0,122,1.903491,-1.636258,-0.072667,0.013930,0.003901,4.742233,0.200471,0.279980,0.279980,0.000000,C-06,0,0,0,1,1,0,0.025346,-0.044571,0.5208,0.0000,0.2652,2,ok
0,123,1.927427,-1.638010,-0.075645,0.014045,0.000922,4.766232,0.199942,-0.055212,-0.055212,0.000000,C-06,0,0,0,1,1,0,0.026582,-0.042078,0.5208,0.0000,0.2660,2,ok
0,124,1.951349,-1.639725,-0.085132,0.014190,-0.010834,4.790222,0.199795,-0.123976,-0.123976,0.000000,,0,0,0,1,1,0,0.029094,-0.044003,0.5833,0.0000,0.2665,2,ok
0,125,1.971268,-1.641153,-0.096123,0.014305,-0.021825,4.810191,0.199601,-0.169172,-0.169172,0.000000,,0,0,0,1,1,0,0.028087,-0.062440,0.5833,0.0000,0.2653,2,ok
0,126,1.995139,-1.642879,-0.111147,0.014401,-0.040307,4.834212,0.199340,-0.191156,-0.191156,0.000000,,0,0,0,1,1,0,0.026120,-0.078257,0.5417,0.0000,0.2667,2,ok
0,127,2.018963,-1.644736,-0.131256,0.014246,-0.060416,4.858108,0.198989,-0.261645,-0.261645,0.000000,,0,0,0,1,1,0,0.023833,-0.090810,0.5417,0.0000,0.2673,2,ok
0,128,2.042805,-1.647771,-0.088852,0.012918,-0.018012,4.879916,0.200852,0.646128,0.646128,0.000000,C-06,0,0,0,1,1,0,0.021265,-0.126545,0.4375,0.0000,0.2637,2,ok
0,129,2.066764,-1.650885,-0.015646,0.011405,0.050225,4.906275,0.201639,0.923138,0.923138,0.000000,C-06,0,0,0,1,1,0,0.022559,-0.101313,0.4583,0.0000,0.2664,2,ok
0,130,2.086763,-1.651484,-0.006690,0.012145,0.059180,4.926270,0.200027,0.052183,0.052183,0.000000,C-06,0,0,0,1,1,0,0.027099,-0.049454,0.4583,0.0000,0.2665,2,ok
0,131,2.110762,-1.651678,-0.012323,0.013435,0.046610,4.950312,0.199991,-0.077544,-0.077544,0.000000,,0,0,0,1,1,0,0.031512,-0.010096,0.4792,0.0000,0.2692,2,ok
0,132,2.134759,-1.651854,-0.019500,0.014715,0.039434,4.974276,0.199969,-0.085951,-0.085951,0.000000,,0,0,0,1,1,0,0.032650,-0.022180,0.4792,0.0000,0.2686,2,ok
0,133,2.154755,-1.652234,-0.017549,0.015453,0.032935,4.994378,0.200009,0.038300,0.038300,0.000000,,0,0,0,1,1,0,0.034915,-0.044355,0.5208,0.0000,0.2646,2,ok
0,134,2.178752,-1.652713,-0.014413,0.016246,0.036071,5.018367,0.200019,0.037245,0.037245,0.000000,,0,0,0,1,1,0,0.036363,-0.055118,0.5000,0.0000,0.2653,2,ok
0,135,2.202749,-1.653085,-0.018808,0.017046,0.021752,5.042525,0.199988,-0.059415,-0.059415,0.000000,,0,0,0,1,1,0,0.037390,-0.072387,0.4792,0.0000,0.2676,2,ok
0,136,2.222742,-1.653388,-0.032912,0.017597,0.007648,5.062514,0.199920,-0.220982,-0.220982,0.000000,C-06,0,0,0,1,1,0,0.038292,-0.071489,0.4792,0.0000,0.2643,2,ok
0,137,2.246715,-1.653752,-0.061405,0.018256,-0.020845,5.084342,0.199662,-0.358709,-0.358709,0.000000,,0,0,0,1,1,0,0.036515,-0.088842,0.3958,0.0000,0.2655,2,ok
0,138,2.270682,-1.655132,-0.036165,0.017542,-0.008130,5.110726,0.200233,0.388647,0.388647,0.000000,C-06,0,0,0,1,1,0,0.038978,-0.148354,0.4583,0.0000,0.2558,2,ok
0,139,2.290677,-1.656356,-0.003964,0.016899,0.024072,5.130748,0.200371,0.470031,0.470031,0.000000,,0,0,0,1,1,0,0.035184,-0.162695,0.5000,0.0000,0.2584,2,ok
0,140,2.310677,-1.657188,0.012867,0.016475,0.026129,5.150957,0.200095,0.214981,0.214981,0.000000,C-06,0,0,0,1,1,0,0.036228,-0.145073,0.5417,0.0000,0.2610,2,ok
0,141,2.334675,-1.656951,0.011928,0.017127,0.025191,5.174947,0.200003,-0.030493,-0.030493,0.000000,C-06,0,0,0,1,1,0,0.039392,-0.123544,0.5417,0.0000,0.2647,2,ok
0,142,2.354674,-1.656686,0.004675,0.017600,0.000726,5.195279,0.200015,-0.111010,-0.111010,0.000000,,0,0,0,1,1,0,0.039114,-0.128343,0.5208,0.0000,0.2666,2,ok
0,143,2.378673,-1.656574,0.008851,0.017666,0.004902,5.219279,0.199994,0.061705,0.061705,0.000000,C-06,0,0,0,1,1,0,0.042118,-0.141114,0.5000,0.0000,0.2592,2,ok
0,144,2.402672,-1.656476,0.013858,0.017656,-0.009391,5.243613,0.199983,0.059207,0.059207,0.000000,,0,0,0,1,1,0,0.039624,-0.175830,0.4792,0.0000,0.2549,2,ok
0,145,2.422667,-1.656395,0.030949,0.017319,0.007699,5.263605,0.199912,0.270800,0.270800,0.000000,C-06,0,0,0,1,1,0,0.042525,-0.182956,0.5000,0.0000,0.2589,2,ok
0,146,2.446642,-1.656298,0.059550,0.016916,0.036300,5.287577,0.199663,0.353999,0.353999,0.000000,,0,0,0,1,1,0,0.039038,-0.192160,0.4583,0.0000,0.2590,2,ok
0,147,2.470579,-1.655959,0.083843,0.016332,0.037008,5.311889,0.199381,0.295037,0.295037,0.000000,,0,0,0,1,1,0,0.043887,-0.185668,0.4583,0.0000,0.2539,2,ok
0,148,2.490484,-1.655391,0.112231,0.016037,0.065395,5.331799,0.198859,0.444471,0.444471,0.000000,,0,0,0,1,1,0,0.047752,-0.182529,0.5208,0.0000,0.2568,2,ok
0,149,2.510348,-1.653477,0.119570,0.016944,0.047382,5.352137,0.199669,0.080486,0.080486,0.000000,C-06,0,0,0,1,1,0,0.048009,-0.168506,0.5833,0.0000,0.2621,2,ok
0,150,2.534170,-1.650806,0.123939,0.018003,0.051751,5.376085,0.199767,0.053762,0.053762,0.000000,,0,0,0,1,1,0,0.048107,-0.171536,0.5625,0.0000,0.2625,2,ok
0,151,2.554015,-1.648359,0.124533,0.019107,0.052345,5.396050,0.199972,0.006260,0.006260,0.000000,,0,0,0,1,1,0,0.047766,-0.183254,0.5417,0.0000,0.2596,2,ok
0,152,2.577819,-1.645405,0.131698,0.019755,0.029047,5.420666,0.199800,0.098756,0.098756,0.000000,,0,0,0,1,1,0,0.048143,-0.192236,0.5417,0.0000,0.2597,2,ok
0,153,2.601596,-1.642451,0.141803,0.020306,0.039151,5.444618,0.199530,0.132179,0.132179,0.000000,,0,0,0,1,1,0,0.048318,-0.217795,0.5417,0.0000,0.2586,2,ok
0,154,2.621367,-1.639989,0.161932,0.020442,0.025861,5.465116,0.198950,0.336282,0.336282,0.000000,C-06,0,0,0,1,1,0,0.046702,-0.222949,0.5208,0.0000,0.2582,2,ok
0,155,2.645012,-1.636917,0.182060,0.020454,0.045988,5.488960,0.198612,0.259983,0.259983,0.000000,,0,0,0,1,1,0,0.047029,-0.216386,0.5417,0.0000,0.2596,2,ok
0,156,2.668576,-1.633300,0.199786,0.020769,0.024488,5.513723,0.198630,0.234523,0.234523,0.000000,,0,0,0,1,1,0,0.046416,-0.212405,0.5000,0.0000,0.2599,2,ok
0,157,2.688117,-1.629948,0.231392,0.020703,0.056094,5.533550,0.197641,0.554501,0.554501,0.000000,C-06,0,0,0,1,1,0,0.045567,-0.210367,0.4792,0.0000,0.2570,2,ok
0,158,2.707503,-1.626543,0.265391,0.020716,0.090093,5.553233,0.196374,0.565080,0.565080,0.000000,,0,0,0,1,1,0,0.045096,-0.184842,0.5000,0.0000,0.2603,2,ok
0,159,2.730647,-1.620361,0.267725,0.022268,0.050947,5.577935,0.199958,-0.009565,-0.009565,0.000000,C-06,0,0,0,1,1,0,0.046592,-0.178620,0.5417,0.0000,0.2596,2,ok
0,160,2.749934,-1.615084,0.267981,0.023400,0.051203,5.597899,0.199961,0.005200,0.005200,0.000000,,0,0,0,1,1,0,0.045789,-0.161453,0.5417,0.0000,0.2636,2,ok
0,161,2.773076,-1.608744,0.268407,0.024543,0.008580,5.623165,0.199954,0.006021,0.006021,0.000000,,0,0,0,1,1,0,0.044390,-0.173376,0.5208,0.0000,0.2636,2,ok
0,162,2.796190,-1.602380,0.277462,0.024665,0.017636,5.647139,0.199555,0.138461,0.138461,0.000000,,0,0,0,1,1,0,0.045545,-0.189800,0.5000,0.0000,0.2636,2,ok
0,163,2.815409,-1.597073,0.283207,0.024781,0.023380,5.667077,0.199288,0.093667,0.093667,0.000000,,0,0,0,1,1,0,0.043813,-0.202696,0.5000,0.0000,0.2590,2,ok
0,164,2.838389,-1.590554,0.302969,0.024326,0.001881,5.692059,0.198545,0.298046,0.298046,0.000000,C-06,0,0,0,1,1,0,0.042881,-0.209662,0.5000,0.0000,0.2617,2,ok
0,165,2.861241,-1.583858,0.317651,0.023780,0.016563,5.715865,0.198433,0.202822,0.202822,0.000000,,0,0,0,1,1,0,0.042795,-0.208218,0.5000,0.0000,0.2592,2,ok
0,166,2.880186,-1.578076,0.335743,0.023309,-0.005730,5.736513,0.197564,0.326516,0.326516,0.000000,,0,0,0,1,1,0,0.045164,-0.215670,0.4583,0.0000,0.2535,2,ok
0,167,2.898998,-1.572180,0.357390,0.022518,0.015917,5.756211,0.197029,0.386959,0.386959,0.000000,,0,0,0,1,1,0,0.044153,-0.211105,0.5000,0.0000,0.2562,2,ok
0,168,2.921365,-1.564578,0.384776,0.022133,0.043304,5.779831,0.196846,0.410573,0.410573,0.000000,,0,0,0,1,1,0,0.044153,-0.211105,0.5000,0.0000,0.2562,2,ok
0,169,2.939847,-1.557471,0.398691,0.022013,0.021182,5.800421,0.198154,0.236109,0.236109,0.000000,C-06,0,0,0,1,1,0,0.041797,-0.178610,0.5833,0.0000,0.2639,2,ok
0,170,2.961949,-1.548217,0.401361,0.022421,0.023852,5.824379,0.199774,0.028275,0.028275,0.000000,C-06,0,0,0,1,1,0,0.041043,-0.167206,0.5417,0.0000,0.2650,2,ok
0,171,2.984025,-1.538908,0.405067,0.022537,-0.006236,5.849081,0.199536,0.058462,0.058462,0.000000,,0,0,0,1,1,0,0.041967,-0.174230,0.5417,0.0000,0.2627,2,ok
0,172,3.002380,-1.531126,0.412091,0.022310,0.000788,5.869016,0.199132,0.135424,0.135424,0.000000,,0,0,0,1,1,0,0.041541,-0.176138,0.5417,0.0000,0.2607,2,ok
0,173,3.024301,-1.521749,0.426976,0.022114,0.015673,5.892132,0.198194,0.236507,0.236507,0.000000,,0,0,0,1,1,0,0.039736,-0.197729,0.5000,0.0000,0.2606,2,ok
0,174,3.046061,-1.512209,0.444264,0.021354,0.000212,5.917300,0.197973,0.271727,0.271727,0.000000,,0,0,0,1,1,0,0.039963,-0.197450,0.5000,0.0000,0.2623,2,ok
0,175,3.064064,-1.503915,0.457035,0.021115,0.012983,5.937120,0.198256,0.237844,0.237844,0.000000,,0,0,0,1,1,0,0.039269,-0.187292,0.5000,0.0000,0.2581,2,ok
0,176,3.081948,-1.495407,0.471554,0.020751,-0.004494,5.957619,0.198009,0.279711,0.279711,0.000000,,0,0,0,1,1,0,0.039745,-0.185981,0.5000,0.0000,0.2567,2,ok
0,177,3.103186,-1.484840,0.498242,0.020389,0.022193,5.981337,0.197073,0.441744,0.441744,0.000000,C-06,0,0,0,1,1,0,0.038918,-0.178902,0.5417,0.0000,0.2614,2,ok
0,178,3.120677,-1.475561,0.513899,0.020604,0.037851,5.999971,0.198132,0.292990,0.292990,0.000000,,0,0,0,1,1,0,0.038066,-0.166188,0.5833,0.0000,0.2628,2,ok
0,179,3.141528,-1.463874,0.521662,0.020635,0.014521,6.025671,0.199260,0.118337,0.118337,0.000000,C-06,0,0,0,1,1,0,0.038293,-0.162241,0.5833,0.0000,0.2654,2,ok
0,180,3.162314,-1.451960,0.525004,0.020943,0.017862,6.049627,0.199692,0.049802,0.049802,0.000000,,0,0,0,1,1,0,0.041443,-0.165466,0.5833,0.0000,0.2599,2,ok
0,181,3.179609,-1.441970,0.527236,0.020753,-0.010915,6.070266,0.199732,0.043681,0.043681,0.000000,,0,0,0,1,1,0,0.041338,-0.172893,0.5833,0.0000,0.2643,2,ok
0,182,3.200285,-1.429896,0.538666,0.020493,0.000514,6.094208,0.199064,0.201757,0.201757,0.000000,C-06,0,0,0,1,1,0,0.039366,-0.183959,0.5625,0.0000,0.2627,2,ok
0,183,3.220781,-1.417721,0.556174,0.020105,-0.012073,6.118623,0.198387,0.299687,0.299687,0.000000,,0,0,0,1,1,0,0.039734,-0.188848,0.5833,0.0000,0.2610,2,ok
0,184,3.237706,-1.407290,0.567382,0.019796,-0.000865,6.138502,0.198875,0.221455,0.221455,0.000000,,0,0,0,1,1,0,0.038573,-0.185376,0.5417,0.0000,0.2634,2,ok
0,185,3.254517,-1.396648,0.577767,0.019726,0.009521,6.158397,0.198991,0.211047,0.211047,0.000000,,0,0,0,1,1,0,0.039956,-0.188246,0.5208,0.0000,0.2620,2,ok
0,186,3.274515,-1.383633,0.594182,0.019285,-0.003699,6.182865,0.198774,0.286897,0.286897,0.000000,,0,0,0,1,1,0,0.041406,-0.202431,0.5417,0.0000,0.2590,2,ok
0,187,3.290998,-1.372538,0.610468,0.019159,0.012587,6.202733,0.198713,0.344398,0.344398,0.000000,,0,0,0,1,1,0,0.039773,-0.199782,0.5417,0.0000,0.2602,2,ok
0,188,3.310539,-1.358826,0.628227,0.019132,0.001304,6.227155,0.199038,0.309141,0.309141,0.000000,,0,0,0,1,1,0,0.038377,-0.191249,0.5833,0.0000,0.2642,2,ok
0,189,3.329844,-1.344727,0.644122,0.019213,0.017198,6.251060,0.199295,0.280453,0.280453,0.000000,,0,0,0,1,1,0,0.039745,-0.183019,0.5833,0.0000,0.2608,2,ok
0,190,3.345792,-1.332717,0.651106,0.019573,0.024182,6.268572,0.199695,0.136928,0.136928,0.000000,,0,0,0,1,1,0,0.038932,-0.168590,0.5833,0.0000,0.2633,2,ok
0,191,3.364837,-1.318158,0.657104,0.019421,0.001180,6.295548,0.199790,0.105571,0.105571,0.000000,,0,0,0,1,1,0,0.038303,-0.163954,0.5208,0.0000,0.2618,2,ok
0,192,3.383782,-1.303473,0.665229,0.019507,0.009306,6.319518,0.199750,0.150767,0.150767,0.000000,,0,0,0,1,1,0,0.036064,-0.178230,0.5000,0.0000,0.2631,2,ok
0,193,3.399450,-1.291088,0.676597,0.019261,-0.007948,6.340052,0.199692,0.258284,0.258284,0.000000,,0,0,0,1,1,0,0.037209,-0.183170,0.5625,0.0000,0.2595,2,ok
0,194,3.414980,-1.278519,0.686749,0.019176,0.002204,6.360030,0.199836,0.220197,0.220197,0.000000,,0,0,0,1,1,0,0.035539,-0.186094,0.5000,0.0000,0.2619,2,ok
0,195,3.433450,-1.263213,0.698567,0.019108,-0.015461,6.384560,0.199953,0.218569,0.218569,0.000000,,0,0,0,1,1,0,0.039270,-0.200495,0.4583,0.0000,0.2520,2,ok
0,196,3.448703,-1.250275,0.708801,0.018920,-0.005228,6.404560,0.200078,0.229263,0.229263,0.000000,,0,0,0,1,1,0,0.035824,-0.191486,0.5000,0.0000,0.2562,2,ok
0,197,3.466842,-1.234517,0.724146,0.018977,0.010117,6.428588,0.200370,0.285949,0.285949,0.000000,,0,0,0,1,1,0,0.035678,-0.192759,0.5417,0.0000,0.2557,2,ok
0,198,3.484762,-1.218436,0.745026,0.018735,0.002433,6.453216,0.200960,0.384472,0.384472,0.000000,,0,0,0,1,1,0,0.034882,-0.188501,0.5417,0.0000,0.2609,2,ok
0,199,3.499437,-1.204791,0.756175,0.018878,0.013582,6.473254,0.200399,0.223024,0.223024,0.000000,C-06,0,0,0,1,1,0,0.037306,-0.181289,0.5625,0.0000,0.2600,2,ok
0,200,3.516863,-1.188253,0.764010,0.018814,-0.007395,6.497902,0.200170,0.131830,0.131830,0.000000,,0,0,0,1,1,0,0.036908,-0.178315,0.5417,0.0000,0.2611,2,ok
0,201,3.534131,-1.171555,0.775234,0.018665,0.003830,6.521922,0.200125,0.199916,0.199916,0.000000,,0,0,0,1,1,0,0.038260,-0.189575,0.5625,0.0000,0.2589,2,ok
0,202,3.548356,-1.157488,0.785165,0.018633,-0.016260,6.542373,0.200009,0.206266,0.206266,0.000000,,0,0,0,1,1,0,0.038232,-0.197556,0.5000,0.0000,0.2538,2,ok
0,203,3.562447,-1.143299,0.792744,0.018438,-0.008681,6.562368,0.199939,0.151890,0.151890,0.000000,,0,0,0,1,1,0,0.037634,-0.200854,0.5208,0.0000,0.2589,2,ok
0,204,3.579231,-1.126157,0.799875,0.018374,-0.001550,6.586359,0.199899,0.121788,0.121788,0.000000,,0,0,0,1,1,0,0.029521,-0.205350,0.5208,0.3399,0.2396,2,ok
0,205,3.593161,-1.111807,0.800236,0.017908,-0.030621,6.606905,0.200002,-0.002384,-0.002384,0.000000,,0,0,0,1,1,0,0.036638,-0.226936,0.5625,0.3824,0.2196,2,ok
0,206,3.609896,-1.094599,0.797996,0.017202,-0.032861,6.630898,0.200031,-0.041263,-0.041263,0.000000,,0,0,0,1,1,0,0.031085,-0.231733,0.6042,0.3917,0.2277,2,ok
0,207,3.626542,-1.077355,0.811938,0.016204,-0.049114,6.655420,0.199588,0.267498,0.267498,0.000000,C-06,0,0,0,1,1,0,0.040135,-0.243417,0.6458,0.0000,0.2546,2,ok
0,208,3.640230,-1.062828,0.822023,0.015249,-0.039029,6.675356,0.199543,0.210318,0.210318,0.000000,,0,0,0,1,1,0,0.036608,-0.251184,0.6250,0.0000,0.2546,2,ok
0,209,3.656445,-1.045228,0.836288,0.014373,-0.024764,6.697787,0.199480,0.259392,0.259392,0.000000,,0,0,0,1,1,0,0.037489,-0.251654,0.6458,0.0000,0.2528,2,ok
0,210,3.672374,-1.027346,0.854066,0.013227,-0.038487,6.723569,0.199694,0.329128,0.329128,0.000000,,0,0,0,1,1,0,0.026313,-0.269152,0.6250,0.3360,0.2344,2,ok
0,211,3.685419,-1.012204,0.866214,0.012638,-0.026340,6.743546,0.199960,0.263703,0.263703,0.000000,,0,0,0,1,1,0,0.034978,-0.276900,0.6042,0.0000,0.2574,2,ok
0,212,3.698325,-0.996924,0.872348,0.011804,-0.052543,6.763985,0.200023,0.124305,0.124305,0.000000,,0,0,0,1,1,0,0.024210,-0.276636,0.5833,0.3256,0.2384,2,ok
0,213,3.713686,-0.978474,0.881832,0.010620,-0.043059,6.787964,0.200109,0.179827,0.179827,0.000000,,0,0,0,1,1,0,0.022905,-0.286360,0.5625,0.2942,0.2399,2,ok
0,214,3.726355,-0.962975,0.891666,0.009814,-0.033225,6.805807,0.200227,0.219405,0.219405,0.000000,,0,0,0,1,1,0,0.032070,-0.302783,0.5417,0.0000,0.2524,2,ok
0,215,3.741349,-0.944170,0.909573,0.008339,-0.048797,6.832271,0.200596,0.334761,0.334761,0.000000,,0,0,0,1,1,0,0.018211,-0.300019,0.5833,0.3376,0.2347,2,ok
0,216,3.756056,-0.925079,0.930399,0.007333,-0.027971,6.856350,0.200982,0.375965,0.375965,0.000000,,0,0,0,1,1,0,0.022194,-0.288366,0.6042,0.0000,0.2596,2,ok
0,217,3.768043,-0.908952,0.945411,0.006270,-0.050772,6.876662,0.200999,0.313697,0.313697,0.000000,,0,0,0,1,1,0,0.026331,-0.282033,0.6458,0.0000,0.2543,2,ok
0,218,3.782136,-0.889389,0.960539,0.005212,-0.035643,6.900749,0.200978,0.261887,0.261887,0.000000,,0,0,0,1,1,0,0.022713,-0.276755,0.6042,0.0000,0.2589,2,ok
0,219,3.795975,-0.869607,0.977517,0.004066,-0.057846,6.925051,0.201278,0.296500,0.296500,0.000000,,0,0,0,1,1,0,0.013721,-0.279073,0.6458,0.2994,0.2373,2,ok
0,220,3.807274,-0.852949,0.991293,0.002947,-0.044071,6.945149,0.201343,0.282458,0.282458,0.000000,,0,0,0,1,1,0,0.018300,-0.288213,0.5417,0.0000,0.2548,2,ok
0,221,3.818378,-0.836120,1.009134,0.002083,-0.026230,6.965293,0.201966,0.370947,0.370947,0.000000,,0,0,0,1,1,0,0.016783,-0.285749,0.5417,0.0000,0.2566,2,ok
0,222,3.831408,-0.815670,1.031108,0.000489,-0.045590,6.989578,0.202175,0.367990,0.367990,0.000000,,0,0,0,1,1,0,0.007201,-0.275002,0.5833,0.2717,0.2425,2,ok
0,223,3.841916,-0.798434,1.046457,-0.000619,-0.030242,7.009734,0.201891,0.300736,0.300736,0.000000,,0,0,0,1,1,0,0.013329,-0.270778,0.4792,0.0000,0.2556,2,ok
0,224,3.854256,-0.777533,1.068143,-0.001977,-0.049633,7.033909,0.202442,0.359082,0.359082,0.000000,,0,0,0,1,1,0,0.008452,-0.263386,0.5625,0.2924,0.2327,2,ok
0,225,3.866271,-0.756358,1.093862,-0.003608,-0.023914,7.058200,0.203068,0.418145,0.418145,0.000000,,0,0,0,1,1,0,0.009914,-0.253561,0.5417,0.0000,0.2609,2,ok
0,226,3.875885,-0.738501,1.113514,-0.004516,-0.004262,7.078460,0.202830,0.369772,0.369772,0.000000,,0,0,0,1,1,0,0.000816,-0.233610,0.6250,0.2885,0.2766,2,ok
0,227,3.886933,-0.716861,1.133889,-0.005974,-0.023290,7.102525,0.202497,0.315496,0.315496,0.000000,,0,0,0,1,1,0,0.000246,-0.220022,0.6250,0.3053,0.2782,2,ok
0,228,3.897544,-0.695021,1.152787,-0.007048,-0.004392,7.126782,0.202355,0.290214,0.290214,0.000000,,0,0,0,1,1,0,0.000658,-0.212199,0.6250,0.2732,0.2453,2,ok
0,229,3.906165,-0.676665,1.172914,-0.008058,-0.021365,7.146792,0.203158,0.377430,0.377430,0.000000,,0,0,0,1,1,0,0.008514,-0.201847,0.6458,0.0000,0.2600,2,ok
0,230,3.914492,-0.658153,1.192521,-0.009026,-0.001758,7.167067,0.202991,0.352811,0.352811,0.000000,,0,0,0,1,1,0,0.006325,-0.202207,0.5833,0.0000,0.2600,2,ok
0,231,3.923429,-0.635830,1.195549,-0.009165,0.001270,7.189471,0.200185,0.022718,0.022718,0.000000,C-06,0,0,0,1,1,0,0.005867,-0.193133,0.5625,0.0000,0.2598,2,ok
0,232,3.930808,-0.617214,1.197714,-0.009892,-0.030207,7.210835,0.200318,0.040262,0.040262,0.000000,,0,0,0,1,1,0,0.004708,-0.192650,0.5417,0.0000,0.2612,2,ok
0,233,3.939609,-0.594827,1.207164,-0.010642,-0.020757,7.234878,0.200753,0.149853,0.149853,0.000000,,0,0,0,1,1,0,-0.001385,-0.205199,0.5625,0.1960,0.2493,2,ok
0,234,3.948263,-0.572376,1.211561,-0.011784,-0.047242,7.258514,0.200485,0.059091,0.059091,0.000000,,0,0,0,1,1,0,-0.006736,-0.208019,0.5833,0.2552,0.2779,2,ok
0,235,3.955381,-0.553623,1.220886,-0.012900,-0.037917,7.278542,0.200865,0.175794,0.175794,0.000000,,0,0,0,1,1,0,-0.008351,-0.212775,0.5833,0.2390,0.2745,2,ok
0,236,3.963858,-0.530985,1.245023,-0.014270,-0.043704,7.302311,0.202138,0.369125,0.369125,0.000000,C-06,0,0,0,1,1,0,-0.015678,-0.212953,0.6250,0.4766,0.2627,2,ok
0,237,3.972331,-0.508135,1.276061,-0.016077,-0.012666,7.326614,0.203892,0.453747,0.453747,0.000000,,0,0,0,1,1,0,-0.014714,-0.205068,0.6042,0.4138,0.2610,2,ok
0,238,3.978769,-0.488947,1.293043,-0.016944,0.004316,7.346835,0.202226,0.271155,0.271155,0.000000,C-06,0,0,0,1,1,0,-0.017160,-0.173705,0.6667,0.4831,0.2624,2,ok
0,239,3.984977,-0.469661,1.313279,-0.017999,-0.003832,7.366601,0.202835,0.347268,0.347268,0.000000,,0,0,0,1,1,0,-0.008754,-0.164061,0.6667,0.2263,0.2756,2,ok
0,240,3.991511,-0.446416,1.324624,-0.018491,0.007513,7.390741,0.201114,0.146354,0.146354,0.000000,C-06,0,0,0,1,1,0,-0.001429,-0.155138,0.6250,0.0000,0.2641,2,ok
0,241,3.996409,-0.427016,1.325385,-0.018541,-0.017511,7.410229,0.200007,0.000969,0.000969,0.000000,,0,0,0,1,1,0,-0.001928,-0.155366,0.6042,0.0000,0.2624,2,ok
0,242,4.002241,-0.403717,1.332163,-0.019019,-0.010733,7.434242,0.200302,0.101802,0.101802,0.000000,,0,0,0,1,1,0,-0.002877,-0.164347,0.5625,0.0000,0.2615,2,ok
0,243,4.008073,-0.380356,1.347703,-0.019483,0.004807,7.457497,0.200975,0.221939,0.221939,0.000000,,0,0,0,1,1,0,-0.002842,-0.174011,0.5000,0.0000,0.2587,2,ok
0,244,4.012933,-0.360819,1.363551,-0.020349,-0.004960,7.477965,0.201629,0.259923,0.259923,0.000000,,0,0,0,1,1,0,-0.003780,-0.171949,0.5417,0.0000,0.2611,2,ok
0,245,4.018762,-0.337272,1.389879,-0.021348,0.021367,7.502201,0.202538,0.360328,0.360328,0.000000,,0,0,0,1,1,0,-0.003641,-0.162328,0.5833,0.0000,0.2598,2,ok
0,246,4.024100,-0.313614,1.414024,-0.022210,0.020601,7.525936,0.202006,0.313610,0.313610,0.000000,,0,0,0,1,1,0,-0.019337,-0.151172,0.6667,0.5545,0.2620,2,ok
0,247,4.027794,-0.293839,1.426769,-0.022341,0.033346,7.546052,0.201081,0.189514,0.189514,0.000000,,0,0,0,1,1,0,-0.017386,-0.127230,0.6458,0.5116,0.2617,2,ok
0,248,4.031320,-0.274024,1.443401,-0.022300,0.049979,7.563508,0.201453,0.264336,0.264336,0.000000,,0,0,0,1,1,0,-0.017386,-0.127230,0.6458,0.5116,0.2617,2,ok
0,249,4.035223,-0.250191,1.462563,-0.022590,0.045275,7.589761,0.201188,0.242498,0.242498,0.000000,,0,0,0,1,1,0,0.000020,-0.111798,0.6458,0.0000,0.2616,2,ok
0,250,4.038150,-0.230291,1.478783,-0.022454,0.061495,7.609875,0.201084,0.245130,0.245130,0.000000,,0,0,0,1,1,0,0.000317,-0.116306,0.6042,0.0000,0.2613,2,ok
0,251,4.040874,-0.206380,1.490266,-0.021910,0.048844,7.633406,0.200494,0.135591,0.135591,0.000000,,0,0,0,1,1,0,-0.005876,-0.109703,0.6042,0.2629,0.2463,2,ok
0,252,4.042832,-0.182459,1.489074,-0.020773,0.047653,7.657381,0.199983,-0.021540,-0.021540,0.000000,C-06,0,0,0,1,1,0,-0.006968,-0.104901,0.6042,0.3510,0.2844,2,ok
0,253,4.044443,-0.162527,1.486680,-0.019979,0.020558,7.676897,0.199945,-0.037166,-0.037166,0.000000,,0,0,0,1,1,0,-0.005998,-0.121009,0.5417,0.2939,0.2457,2,ok
0,254,4.046458,-0.138598,1.503175,-0.019450,0.037053,7.700904,0.200241,0.225989,0.225989,0.000000,C-06,0,0,0,1,1,0,0.007286,-0.144395,0.5625,0.0000,0.2511,2,ok
0,255,4.048479,-0.114635,1.530358,-0.018922,0.064236,7.722465,0.200534,0.343080,0.343080,0.000000,,0,0,0,1,1,0,-0.003365,-0.145448,0.6250,0.3136,0.2397,2,ok
0,256,4.049666,-0.094647,1.539232,-0.018549,0.048941,7.744486,0.200188,0.106723,0.106723,0.000000,C-06,0,0,0,1,1,0,-0.002339,-0.130718,0.6667,0.3084,0.2789,2,ok
0,257,4.050715,-0.074655,1.548239,-0.017981,0.057948,7.764498,0.200201,0.131853,0.131853,0.000000,,0,0,0,1,1,0,-0.011017,-0.125661,0.7083,0.6550,0.2666,2,ok
0,258,4.051896,-0.050658,1.565813,-0.017549,0.050086,7.788058,0.200238,0.215772,0.215772,0.000000,,0,0,0,1,1,0,0.009017,-0.124008,0.6250,0.0000,0.2604,2,ok
0,259,4.052880,-0.030658,1.588811,-0.017439,0.073084,7.808081,0.200214,0.336941,0.336941,0.000000,,0,0,0,1,1,0,0.000005,-0.124799,0.6458,0.3481,0.2818,2,ok
0,260,4.053597,-0.006670,1.613228,-0.016845,0.097501,7.828818,0.199860,0.289745,0.289745,0.000000,,0,0,0,1,1,0,0.004198,-0.127985,0.6250,0.2793,0.2460,2,ok
0,261,4.052833,0.017305,1.618983,-0.015385,0.077202,7.855628,0.199911,0.051304,0.051304,0.000000,C-06,0,0,0,1,1,0,-0.004009,-0.112153,0.6458,0.6209,0.2681,2,ok
0,262,4.052071,0.037277,1.627457,-0.013985,0.085676,7.875566,0.199830,0.132005,0.132005,0.000000,,0,0,0,1,1,0,0.004176,-0.119080,0.5833,0.3699,0.2830,2,ok
0,263,4.050906,0.061235,1.632016,-0.012574,0.062649,7.899104,0.199889,0.049629,0.049629,0.000000,,0,0,0,1,1,0,0.004880,-0.122727,0.5833,0.3838,0.2849,2,ok
0,264,4.049460,0.085194,1.625971,-0.011083,0.056603,7.923060,0.200065,-0.086529,-0.086529,0.000000,,0,0,0,1,1,0,0.013144,-0.137712,0.6042,0.2855,0.2346,2,ok
0,265,4.048356,0.105162,1.628518,-0.010133,0.029490,7.942765,0.199968,0.048817,0.048817,0.000000,,0,0,0,1,1,0,-0.003003,-0.151971,0.7292,0.6320,0.2635,2,ok
0,266,4.047262,0.125121,1.643666,-0.009523,0.044638,7.962743,0.199782,0.247030,0.247030,0.000000,C-06,0,0,0,1,1,0,-0.004071,-0.160121,0.7083,0.6540,0.2632,2,ok
0,267,4.045950,0.149043,1.658779,-0.008790,0.059750,7.986690,0.199538,0.183366,0.183366,0.000000,,0,0,0,1,1,0,-0.004080,-0.156703,0.7083,0.6835,0.2614,2,ok
0,268,4.044844,0.168952,1.673938,-0.008734,0.042060,8.006342,0.199295,0.232882,0.232882,0.000000,,0,0,0,1,1,0,0.006777,-0.155062,0.6667,0.3580,0.2827,2,ok
0,269,4.043378,0.192790,1.699933,-0.008631,0.068055,8.030225,0.198801,0.339695,0.339695,0.000000,,0,0,0,1,1,0,0.008572,-0.156712,0.6875,0.3208,0.2415,2,ok
0,270,4.040651,0.216575,1.708538,-0.007648,0.043192,8.053855,0.199568,0.093542,0.093542,0.000000,C-06,0,0,0,1,1,0,0.005840,-0.152718,0.6458,0.4654,0.2887,2,ok
0,271,4.037926,0.236388,1.705863,-0.006788,0.040518,8.073836,0.200080,-0.055333,-0.055333,0.000000,,0,0,0,1,1,0,-0.001928,-0.153794,0.6250,0.7417,0.2685,2,ok
0,272,4.034619,0.260177,1.701306,-0.005720,0.035961,8.097829,0.200200,-0.058817,-0.058817,0.000000,,0,0,0,1,1,0,-0.002846,-0.165750,0.6458,0.7600,0.2636,2,ok
0,273,4.031488,0.283972,1.702355,-0.005741,0.002369,8.121608,0.199965,0.020195,0.020195,0.000000,,0,0,0,1,1,0,0.025720,-0.193523,0.5625,0.0000,0.2451,2,ok
0,274,4.028865,0.303778,1.720321,-0.005754,0.020335,8.141587,0.199537,0.317345,0.317345,0.000000,C-06,0,0,0,1,1,0,0.003539,-0.209737,0.6458,0.4817,0.2853,2,ok
0,275,4.026239,0.323518,1.744021,-0.006045,0.009351,8.161306,0.198794,0.378046,0.378046,0.000000,,0,0,0,1,1,0,0.003539,-0.209737,0.6458,0.4817,0.2853,2,ok
0,276,4.023411,0.343190,1.759418,-0.006495,0.024748,8.181175,0.198718,0.229297,0.229297,0.000000,,0,0,0,1,1,0,-0.005643,-0.192261,0.6875,0.8504,0.2642,2,ok
0,277,4.019657,0.366722,1.777788,-0.006668,0.043118,8.205004,0.198522,0.247446,0.247446,0.000000,,0,0,0,1,1,0,-0.004624,-0.188200,0.6875,0.8506,0.2695,2,ok
0,278,4.015857,0.386278,1.785328,-0.006719,0.017434,8.224714,0.199300,0.107864,0.107864,0.000000,,0,0,0,1,1,0,-0.004624,-0.188200,0.6875,0.8506,0.2695,2,ok
0,279,4.011820,0.405808,1.790646,-0.006591,0.022752,8.244656,0.199438,0.084430,0.084430,0.000000,,0,0,0,1,1,0,0.011262,-0.200484,0.6667,0.3623,0.2336,2,ok
0,280,4.006696,0.429222,1.793483,-0.006416,-0.007325,8.268412,0.199757,0.035655,0.035655,0.000000,,0,0,0,1,1,0,0.004381,-0.208683,0.6458,0.5830,0.2895,2,ok
0,281,4.002322,0.448702,1.806678,-0.006610,0.005870,8.288376,0.199372,0.241673,0.241673,0.000000,C-06,0,0,0,1,1,0,-0.009703,-0.227015,0.6458,1.0342,0.2638,2,ok
0,282,3.997065,0.471951,1.837975,-0.006805,0.037167,8.312210,0.197892,0.454486,0.454486,0.000000,C-06,0,0,0,1,1,0,-0.009383,-0.234585,0.6042,1.0384,0.2625,2,ok
0,283,3.992646,0.491171,1.863813,-0.007398,0.029329,8.331723,0.196911,0.435599,0.435599,0.000000,,0,0,0,1,1,0,-0.009747,-0.237961,0.6042,1.0889,0.2623,2,ok
0,284,3.987600,0.510258,1.884110,-0.007425,0.049626,8.351466,0.197464,0.339212,0.339212,0.000000,,0,0,0,1,1,0,0.006903,-0.222682,0.6250,0.6093,0.2898,2,ok
0,285,3.980721,0.533028,1.899949,-0.006863,0.029788,8.374989,0.198284,0.220708,0.220708,0.000000,,0,0,0,1,1,0,-0.004659,-0.212251,0.7292,1.0357,0.2620,2,ok
0,286,3.974620,0.551919,1.910728,-0.006556,0.040567,8.394838,0.198532,0.186328,0.186328,0.000000,,0,0,0,1,1,0,-0.005268,-0.207104,0.7500,1.0698,0.2663,2,ok
0,287,3.968249,0.570744,1.919727,-0.005970,0.049567,8.414704,0.198762,0.155804,0.155804,0.000000,,0,0,0,1,1,0,-0.001918,-0.215439,0.7292,1.0123,0.2611,2,ok
0,288,3.960310,0.593262,1.928507,-0.005523,0.020922,8.438364,0.198977,0.127987,0.127987,0.000000,,0,0,0,1,1,0,-0.002136,-0.215107,0.7083,1.0335,0.2624,2,ok
0,289,3.953536,0.611970,1.935698,-0.005253,0.028113,8.458260,0.198976,0.128042,0.128042,0.000000,,0,0,0,1,0,0,-0.002136,-0.215107,0.7083,1.0335,0.2624,2,ok
0,290,3.946556,0.630596,1.952715,-0.004762,0.045130,8.478144,0.198390,0.324102,0.324102,0.000000,C-06,0,0,0,1,1,0,-0.002891,-0.259594,0.7083,1.0799,0.2636,2,ok
0,291,3.938106,0.652773,1.973344,-0.005029,0.025145,8.501676,0.197593,0.311203,0.311203,0.000000,,0,0,0,1,1,0,-0.003462,-0.265827,0.6458,1.1100,0.2638,2,ok
0,292,3.930549,0.671132,1.983545,-0.004737,0.035346,8.521527,0.198641,0.174246,0.174246,0.000000,,0,0,0,1,1,0,-0.003095,-0.265709,0.6667,1.1101,0.2625,2,ok
0,293,3.922832,0.689401,1.996629,-0.004594,0.005660,8.541168,0.198105,0.247842,0.247842,0.000000,,0,0,0,1,1,0,-0.001964,-0.275450,0.6042,1.0822,0.2586,2,ok
0,294,3.913305,0.711132,2.022644,-0.004701,0.031674,8.564895,0.196950,0.418333,0.418333,0.000000,C-06,0,0,0,1,1,0,-0.007266,-0.286072,0.6458,1.1985,0.2644,2,ok
0,295,3.905126,0.729013,2.048206,-0.004479,0.057237,8.584557,0.196582,0.492841,0.492841,0.000000,,0,0,0,1,1,0,-0.006278,-0.276448,0.7292,1.2092,0.2648,2,ok
0,296,3.894439,0.750219,2.067283,-0.004187,0.030799,8.608105,0.198050,0.290652,0.290652,0.000000,C-06,0,0,0,1,1,0,-0.004087,-0.265852,0.7083,1.1757,0.2625,2,ok
0,297,3.885169,0.767737,2.081371,-0.003714,0.044887,8.627919,0.198239,0.273168,0.273168,0.000000,,0,0,0,1,1,0,-0.004497,-0.261068,0.7500,1.2102,0.2615,2,ok
0,298,3.875660,0.785107,2.097635,-0.002961,0.061150,8.644595,0.198024,0.324367,0.324367,0.000000,,0,0,0,1,1,0,-0.003479,-0.259910,0.7292,1.1886,0.2602,2,ok
0,299,3.863846,0.805733,2.117392,-0.002883,0.033454,8.671331,0.198154,0.328187,0.328187,0.000000,,0,0,0,1,1,0,0.017915,-0.255368,0.6875,0.5244,0.2160,2,ok
0,300,3.853659,0.822732,2.134162,-0.002305,0.050225,8.691140,0.198242,0.339111,0.339111,0.000000,,0,0,0,1,1,0,-0.003174,-0.278731,0.7083,1.2147,0.2563,2,ok
0,301,3.843116,0.839569,2.147388,-0.001860,0.013632,8.710901,0.198741,0.261523,0.261523,0.000000,,0,0,0,1,1,0,0.000075,-0.285835,0.7083,1.1461,0.2537,2,ok
0,302,3.830120,0.859607,2.159660,-0.001527,0.025904,8.734782,0.199085,0.205918,0.205918,0.000000,,0,0,0,1,1,0,0.002754,-0.290571,0.7083,1.0702,0.2482,2,ok
0,303,3.819022,0.876152,2.175842,-0.000941,0.042087,8.754696,0.198637,0.349501,0.349501,0.000000,,0,0,0,1,1,0,0.003204,-0.309524,0.6458,1.0476,0.2509,2,ok
0,304,3.807675,0.892472,2.199267,-0.000930,0.013424,8.774527,0.198419,0.507870,0.507870,0.000000,C-06,0,0,0,1,1,0,0.006433,-0.326630,0.6875,0.9648,0.2476,2,ok
0,305,3.793545,0.911667,2.230252,-0.000417,0.044408,8.798356,0.198924,0.556786,0.556786,0.000000,,0,0,0,1,1,0,0.007191,-0.322977,0.7083,0.9437,0.2464,2,ok
0,306,3.781228,0.927336,2.252200,0.000384,0.012663,8.818287,0.199525,0.471838,0.471838,0.000000,,0,0,0,1,1,0,0.008273,-0.309908,0.7708,0.9108,0.2504,2,ok
0,307,3.768552,0.942780,2.265981,0.000795,0.026444,8.838262,0.199890,0.289980,0.289980,0.000000,C-06,0,0,0,1,1,0,0.009919,-0.298179,0.7500,0.8593,0.2482,2,ok
0,308,3.753036,0.961092,2.282331,0.001663,0.042794,8.862249,0.200154,0.304834,0.304834,0.000000,,0,0,0,1,1,0,0.011241,-0.298323,0.7708,0.8143,0.2528,2,ok
0,309,3.739886,0.976193,2.294271,0.001974,-0.000215,8.882379,0.200327,0.260518,0.260518,0.000000,,0,0,0,1,1,0,0.024150,-0.294850,0.7292,0.3464,0.2326,2,ok
0,310,3.723877,0.994142,2.307897,0.002096,0.013410,8.906429,0.200513,0.246069,0.246069,0.000000,,0,0,0,1,1,0,0.008981,-0.310047,0.7083,0.7626,0.2515,2,ok
0,311,3.710330,1.008941,2.322482,0.002456,0.027996,8.926489,0.200666,0.319636,0.319636,0.000000,,0,0,0,1,1,0,0.008485,-0.317981,0.7083,0.7366,0.2523,2,ok
0,312,3.696544,1.023507,2.340553,0.002064,-0.010316,8.946678,0.200381,0.386372,0.386372,0.000000,,0,0,0,1,1,0,0.007472,-0.322007,0.6875,0.7376,0.2590,2,ok
0,313,3.679703,1.040624,2.356336,0.002018,0.005468,8.970691,0.200008,0.263964,0.263964,0.000000,,0,0,0,1,1,0,0.009164,-0.322994,0.6875,0.6397,0.2562,2,ok
0,314,3.665478,1.054665,2.370555,0.001903,-0.036991,8.990796,0.199762,0.297868,0.297868,0.000000,,0,0,0,1,1,0,0.022697,-0.329531,0.6458,0.2773,0.2310,2,ok
0,315,3.651077,1.068460,2.391069,0.001319,-0.016477,9.010730,0.199091,0.448634,0.448634,0.000000,C-06,0,0,0,1,1,0,0.018645,-0.325379,0.6667,0.2788,0.2339,2,ok
0,316,3.633489,1.084652,2.410774,0.001093,0.003228,9.034635,0.199379,0.345804,0.345804,0.000000,,0,0,0,1,1,0,0.004496,-0.312617,0.7500,0.5821,0.2576,2,ok
0,317,3.618566,1.097916,2.421909,0.000476,-0.042147,9.054651,0.199744,0.233233,0.233233,0.000000,,0,0,0,1,1,0,0.000769,-0.296579,0.6875,0.5969,0.2597,2,ok
0,318,3.603485,1.111028,2.431319,-0.000320,-0.032736,9.074619,0.199896,0.205717,0.205717,0.000000,,0,0,0,1,1,0,-0.000682,-0.293193,0.6875,0.5865,0.2575,2,ok
0,319,3.585180,1.126548,2.446345,-0.000977,-0.017710,9.098312,0.200089,0.285226,0.285226,0.000000,,0,0,0,1,1,0,-0.000290,-0.295143,0.7083,0.4957,0.2590,2,ok
0,320,3.569746,1.139293,2.458297,-0.002384,-0.061367,9.118522,0.200222,0.262727,0.262727,0.000000,,0,0,0,1,1,0,-0.000290,-0.295143,0.7083,0.4957,0.2590,2,ok
0,321,3.554138,1.151861,2.474395,-0.003531,-0.045268,9.138528,0.200552,0.360964,0.360964,0.000000,,0,0,0,1,1,0,-0.003548,-0.309797,0.6458,0.4866,0.2547,2,ok
0,322,3.535132,1.166664,2.495484,-0.004923,-0.076073,9.162336,0.200912,0.381721,0.381721,0.000000,,0,0,0,1,1,0,-0.004515,-0.305776,0.6250,0.4152,0.2554,2,ok
0,323,3.519061,1.178739,2.512786,-0.006517,-0.058770,9.182374,0.201126,0.368421,0.368421,0.000000,,0,0,0,1,1,0,0.002887,-0.287998,0.6042,0.2053,0.2372,2,ok
0,324,3.499515,1.192908,2.532345,-0.008021,-0.039212,9.206469,0.201286,0.341295,0.341295,0.000000,,0,0,0,1,1,0,-0.012804,-0.276708,0.6458,0.4895,0.2608,2,ok
0,325,3.483024,1.204460,2.548222,-0.009695,-0.069095,9.226102,0.201419,0.329291,0.329291,0.000000,,0,0,0,1,1,0,-0.003561,-0.266850,0.7083,0.2132,0.2422,2,ok
0,326,3.466358,1.215778,2.563762,-0.011365,-0.053555,9.246179,0.201533,0.318965,0.318965,0.000000,,0,0,0,1,1,0,-0.014670,-0.261448,0.6875,0.4393,0.2619,2,ok
0,327,3.446142,1.229043,2.581035,-0.012987,-0.036282,9.267390,0.201550,0.291158,0.291158,0.000000,,0,0,0,1,1,0,-0.016465,-0.258737,0.6875,0.4677,0.2630,2,ok
0,328,3.429115,1.239885,2.598292,-0.014939,-0.060455,9.289905,0.202052,0.353035,0.353035,0.000000,,0,0,0,1,1,0,-0.008022,-0.251209,0.6667,0.1859,0.2455,2,ok
0,329,3.411922,1.250425,2.612192,-0.016445,-0.046555,9.310015,0.201651,0.268198,0.268198,0.000000,,0,0,0,1,1,0,-0.008751,-0.243864,0.6667,0.1886,0.2454,2,ok
0,330,3.391103,1.262805,2.629942,-0.018276,-0.064224,9.333682,0.201931,0.293428,0.293428,0.000000,,0,0,0,1,1,0,-0.009074,-0.233410,0.6667,0.1730,0.2463,2,ok
0,331,3.373592,1.272872,2.645005,-0.019784,-0.049162,9.353824,0.202029,0.293721,0.293721,0.000000,,0,0,0,1,1,0,-0.024449,-0.226442,0.6250,0.4800,0.2617,2,ok
0,332,3.355930,1.282731,2.661703,-0.021039,-0.032464,9.374012,0.202355,0.325066,0.325066,0.000000,,0,0,0,1,1,0,-0.022597,-0.217811,0.6458,0.3881,0.2608,2,ok
0,333,3.334507,1.294286,2.687121,-0.022950,-0.036945,9.397568,0.203171,0.410783,0.410783,0.000000,,0,0,0,1,1,0,-0.024583,-0.210062,0.6250,0.4289,0.2603,2,ok
0,334,3.316447,1.303574,2.707976,-0.024199,-0.016091,9.417837,0.203116,0.389269,0.389269,0.000000,,0,0,0,1,1,0,-0.014475,-0.195742,0.6042,0.1998,0.2422,2,ok
0,335,3.298198,1.312606,2.732778,-0.025364,-0.018993,9.437529,0.203879,0.465016,0.465016,0.000000,,0,0,0,1,1,0,-0.023346,-0.181644,0.6250,0.3796,0.2632,2,ok
0,336,3.276049,1.322885,2.760131,-0.026503,0.008360,9.461921,0.203499,0.410932,0.410932,0.000000,,0,0,0,1,1,0,-0.022766,-0.168993,0.7083,0.3775,0.2655,2,ok
0,337,3.257421,1.330874,2.777856,-0.026854,0.026085,9.482149,0.202626,0.309223,0.309223,0.000000,,0,0,0,1,1,0,-0.021850,-0.143885,0.7500,0.3796,0.2675,2,ok
0,338,3.234906,1.340039,2.798341,-0.027394,0.020555,9.505852,0.202572,0.301928,0.301928,0.000000,,0,0,0,1,1,0,-0.019365,-0.137787,0.7292,0.3038,0.2641,2,ok
0,339,3.216026,1.347243,2.812407,-0.027404,0.034621,9.526060,0.202048,0.242890,0.242890,0.000000,,0,0,0,1,1,0,-0.019989,-0.121258,0.7500,0.3518,0.2629,2,ok
0,340,3.197036,1.354243,2.833469,-0.027477,0.031205,9.545549,0.202939,0.379089,0.379089,0.000000,,0,0,0,1,1,0,-0.020094,-0.111956,0.7292,0.3555,0.2649,2,ok
0,341,3.174074,1.362439,2.859887,-0.027627,0.057623,9.569929,0.203167,0.375912,0.375912,0.000000,,0,0,0,1,1,0,-0.018572,-0.094249,0.7083,0.3400,0.2657,2,ok
0,342,3.154830,1.368416,2.870992,-0.026911,0.068728,9.588202,0.201369,0.172015,0.172015,0.000000,C-06,0,0,0,1,1,0,-0.012260,-0.086822,0.6875,0.1757,0.2548,2,ok
0,343,3.135532,1.374140,2.880732,-0.026366,0.055516,9.609657,0.201274,0.162642,0.162642,0.000000,,0,0,0,1,1,0,-0.014893,-0.078733,0.7083,0.3219,0.2673,2,ok
0,344,3.112327,1.380502,2.885525,-0.025178,0.060308,9.633689,0.200430,0.056890,0.056890,0.000000,,0,0,0,1,1,0,-0.014648,-0.074448,0.6667,0.3464,0.2686,2,ok
0,345,3.092987,1.385577,2.881672,-0.024288,0.033749,9.653023,0.199807,-0.077054,-0.077054,0.000000,,0,0,0,1,1,0,-0.005598,-0.078363,0.6042,0.1663,0.2505,2,ok
0,346,3.073666,1.390641,2.879265,-0.023594,0.031342,9.672985,0.199727,-0.036625,-0.036625,0.000000,,0,0,0,1,1,0,-0.015057,-0.083162,0.6458,0.3510,0.2693,2,ok
0,347,3.050449,1.396850,2.892648,-0.022878,0.044725,9.693753,0.200601,0.200510,0.200510,0.000000,C-06,0,0,0,1,1,0,-0.016332,-0.089849,0.6875,0.3613,0.2689,2,ok
0,348,3.031036,1.402028,2.905181,-0.022684,0.036884,9.716685,0.201183,0.207755,0.207755,0.000000,,0,0,0,1,1,0,-0.016089,-0.093555,0.7500,0.3794,0.2677,2,ok
0,349,3.011573,1.407028,2.913278,-0.022249,0.044980,9.736775,0.200915,0.125346,0.125346,0.000000,,0,0,0,1,1,0,-0.013895,-0.086392,0.7500,0.3582,0.2704,2,ok
0,350,2.988182,1.412643,2.918001,-0.021668,0.028476,9.760328,0.200432,0.061072,0.061072,0.000000,,0,0,0,1,1,0,-0.012718,-0.083778,0.7083,0.3446,0.2684,2,ok
0,351,2.968658,1.417249,2.928801,-0.021289,0.039275,9.780384,0.200811,0.189186,0.189186,0.000000,,0,0,0,1,1,0,-0.011498,-0.082860,0.7708,0.3136,0.2673,2,ok
0,352,2.945156,1.422774,2.946914,-0.020902,0.037600,9.804194,0.201519,0.248229,0.248229,0.000000,,0,0,0,1,1,0,-0.011598,-0.087662,0.7083,0.3313,0.2649,2,ok
0,353,2.925507,1.427251,2.961099,-0.020685,0.051785,9.824346,0.201497,0.224692,0.224692,0.000000,,0,0,0,1,1,0,-0.010546,-0.072908,0.7292,0.3239,0.2679,2,ok
0,354,2.905813,1.431328,2.972195,-0.020068,0.062882,9.844449,0.201070,0.170810,0.170810,0.000000,,0,0,0,1,1,0,-0.009642,-0.069663,0.6667,0.3352,0.2672,2,ok
0,355,2.882152,1.435412,2.973350,-0.018941,0.044399,9.867961,0.200015,0.002563,0.002563,0.000000,C-06,0,0,0,1,1,0,-0.007822,-0.064287,0.6667,0.3139,0.2700,2,ok
0,356,2.862431,1.438770,2.975308,-0.018097,0.046357,9.887947,0.200075,0.033336,0.033336,0.000000,,0,0,0,1,1,0,-0.006986,-0.073300,0.6875,0.3063,0.2655,2,ok
0,357,2.842696,1.442127,2.983027,-0.017324,0.035488,9.907626,0.200310,0.131182,0.131182,0.000000,,0,0,0,1,1,0,-0.007321,-0.076727,0.7292,0.3243,0.2668,2,ok
0,358,2.818973,1.446156,2.996470,-0.016748,0.048931,9.931682,0.200708,0.177765,0.177765,0.000000,,0,0,0,1,1,0,-0.007681,-0.075468,0.7708,0.3476,0.2682,2,ok
0,359,2.799174,1.449288,3.002154,-0.016041,0.054615,9.951714,0.200414,0.079164,0.079164,0.000000,,0,0,0,1,1,0,-0.006842,-0.069804,0.7500,0.3431,0.2674,2,ok
0,360,2.779360,1.452336,3.008383,-0.015515,0.041507,9.971480,0.200502,0.098004,0.098004,0.000000,,0,0,0,1,1,0,-0.006478,-0.064483,0.7500,0.3643,0.2696,2,ok
0,361,2.755563,1.455795,3.014569,-0.014780,0.047693,9.995516,0.200380,0.077880,0.077880,0.000000,,0,0,0,1,1,0,-0.006594,-0.066220,0.7292,0.3722,0.2680,2,ok
0,362,2.735718,1.458546,3.019277,-0.014156,0.034015,10.015293,0.200338,0.071689,0.071689,0.000000,,0,0,0,1,1,0,0.000198,-0.070797,0.6875,0.1793,0.2543,2,ok
0,363,2.715859,1.461243,3.026386,-0.013703,0.041124,10.035329,0.200487,0.111982,0.111982,0.000000,,0,0,0,1,1,0,-0.003580,-0.071006,0.7083,0.3144,0.2628,2,ok
0,364,2.692006,1.464402,3.035337,-0.013079,0.050075,10.059382,0.200498,0.113536,0.113536,0.000000,,0,0,0,1,1,0,-0.003101,-0.069332,0.6667,0.2972,0.2635,2,ok
0,365,2.672113,1.466789,3.041018,-0.012676,0.038020,10.079160,0.200341,0.083259,0.083259,0.000000,,0,0,0,1,1,0,0.001109,-0.077004,0.6250,0.2257,0.2584,2,ok
0,366,2.648228,1.469434,3.046221,-0.012007,0.043223,10.103181,0.200249,0.064448,0.064448,0.000000,,0,0,0,1,1,0,0.004050,-0.077528,0.6458,0.1669,0.2534,2,ok
0,367,2.628317,1.471431,3.048214,-0.011437,0.026738,10.122960,0.200099,0.026952,0.026952,0.000000,,0,0,0,1,1,0,0.000810,-0.081076,0.7083,0.2466,0.2631,2,ok
0,368,2.608401,1.473396,3.051999,-0.011025,0.030523,10.142969,0.200161,0.059820,0.059820,0.000000,,0,0,0,1,1,0,-0.001539,-0.085528,0.7292,0.3233,0.2678,2,ok
0,369,2.584493,1.475704,3.055594,-0.010481,0.034118,10.165320,0.200153,0.044106,0.044106,0.000000,,0,0,0,1,1,0,-0.001148,-0.087880,0.7500,0.3081,0.2672,2,ok
0,370,2.564567,1.477439,3.055801,-0.010172,0.016630,10.186818,0.200003,-0.001468,-0.001468,0.000000,,0,0,0,1,1,0,-0.002110,-0.089971,0.7292,0.3216,0.2682,2,ok
0,371,2.544639,1.479156,3.057390,-0.009822,0.018219,10.206817,0.200029,0.026567,0.026567,0.000000,,0,0,0,1,1,0,-0.002545,-0.091541,0.7292,0.3119,0.2676,2,ok
0,372,2.520721,1.481217,3.061015,-0.009677,0.004175,10.230620,0.200087,0.046426,0.046426,0.000000,,0,0,0,1,1,0,-0.005393,-0.093391,0.7083,0.4033,0.2700,2,ok
0,373,2.500779,1.482935,3.069885,-0.009745,0.013046,10.250635,0.200217,0.141468,0.141468,0.000000,,0,0,0,1,1,0,-0.005040,-0.098862,0.6667,0.3607,0.2664,2,ok
0,374,2.480828,1.484523,3.073559,-0.009683,0.016719,10.269777,0.200137,0.047777,0.047777,0.000000,,0,0,0,1,1,0,-0.006148,-0.098799,0.6458,0.4057,0.2712,2,ok
0,375,2.456885,1.486191,3.071645,-0.009705,-0.002451,10.294522,0.199988,-0.029578,-0.029578,0.000000,,0,0,0,1,1,0,-0.008589,-0.099040,0.6667,0.4593,0.2707,2,ok
0,376,2.436931,1.487590,3.076685,-0.009722,0.002589,10.314525,0.200066,0.083795,0.083795,0.000000,,0,0,0,1,1,0,-0.007829,-0.108109,0.7083,0.4451,0.2687,2,ok
0,377,2.416967,1.488990,3.085924,-0.009984,-0.005795,10.334346,0.200175,0.140143,0.140143,0.000000,,0,0,0,1,1,0,-0.009531,-0.113338,0.7708,0.4925,0.2690,2,ok
0,378,2.393000,1.490560,3.091552,-0.010359,-0.000168,10.358361,0.200143,0.062815,0.062815,0.000000,,0,0,0,1,1,0,-0.007666,-0.113060,0.7083,0.4333,0.2646,2,ok
0,379,2.373020,1.491807,3.104276,-0.010681,-0.004327,10.378196,0.200243,0.199996,0.199996,0.000000,,0,0,0,1,1,0,-0.008513,-0.117014,0.7500,0.4866,0.2621,2,ok
0,380,2.349029,1.493302,3.126956,-0.011393,0.018353,10.402223,0.200363,0.278163,0.278163,0.000000,,0,0,0,1,1,0,-0.001346,-0.115451,0.7083,0.2601,0.2471,2,ok
0,381,2.329030,1.494474,-3.138065,-0.011912,0.036517,10.422250,0.200266,0.255870,0.255870,0.000000,,0,0,0,1,1,0,-0.000517,-0.104628,0.6667,0.2841,0.2465,2,ok
0,382,2.309030,1.494815,-3.129677,-0.011874,0.027243,10.442048,0.199999,0.106843,0.106843,0.000000,,0,0,0,1,1,0,-0.010054,-0.091811,0.6875,0.6344,0.2698,2,ok
0,383,2.285034,1.495042,-3.117589,-0.011733,0.039331,10.466044,0.199950,0.147152,0.147152,0.000000,,0,0,0,1,1,0,-0.007435,-0.088000,0.6667,0.5954,0.2641,2,ok
0,384,2.265042,1.494953,-3.109636,-0.011467,0.030054,10.485836,0.199908,0.111220,0.111220,0.000000,,0,0,0,1,1,0,-0.005975,-0.089531,0.6667,0.5998,0.2633,2,ok
0,385,2.245054,1.494506,-3.105664,-0.011059,0.034026,10.505825,0.199936,0.051400,0.051400,0.000000,,0,0,0,1,1,0,0.009723,-0.100648,0.6250,0.2655,0.2396,2,ok
0,386,2.221072,1.493883,-3.100034,-0.010482,0.039655,10.529808,0.199903,0.069383,0.069383,0.000000,,0,0,0,1,1,0,-0.005104,-0.098902,0.6875,0.6108,0.2704,2,ok
0,387,2.201092,1.493323,-3.093957,-0.010288,0.027728,10.549614,0.199861,0.090364,0.090364,0.000000,,0,0,0,1,1,0,-0.000570,-0.115098,0.7708,0.5477,0.2680,2,ok
0,388,2.181116,1.492573,-3.089780,-0.009921,0.031905,10.569600,0.199894,0.057723,0.057723,0.000000,,0,0,0,1,1,0,-0.000276,-0.118163,0.7708,0.5386,0.2669,2,ok
0,389,2.157152,1.491575,-3.084435,-0.009567,0.020053,10.593417,0.199868,0.065883,0.065883,0.000000,,0,0,0,1,1,0,0.003603,-0.123775,0.7500,0.4399,0.2629,2,ok
0,390,2.137187,1.490606,-3.080838,-0.009325,0.023650,10.613404,0.199886,0.051740,0.051740,0.000000,,0,0,0,1,1,0,0.002655,-0.130645,0.7083,0.4632,0.2651,2,ok
0,391,2.117229,1.489593,-3.071343,-0.009038,0.033145,10.633385,0.199772,0.149080,0.149080,0.000000,,0,0,0,1,1,0,0.009811,-0.144547,0.6875,0.2048,0.2501,2,ok
0,392,2.093295,1.488200,-3.064613,-0.008984,0.021215,10.657170,0.199789,0.078468,0.078468,0.000000,,0,0,0,1,1,0,0.003366,-0.149159,0.7083,0.4128,0.2616,2,ok
0,393,2.073354,1.486680,-3.065061,-0.008611,0.020766,10.677165,0.200013,-0.015245,-0.015245,0.000000,,0,0,0,1,1,0,0.003235,-0.153048,0.6875,0.3855,0.2642,2,ok
0,394,2.049421,1.484823,-3.069074,-0.008312,-0.005188,10.701057,0.200071,-0.051523,-0.051523,0.000000,,0,0,0,1,1,0,0.003235,-0.153048,0.6875,0.3855,0.2642,2,ok
0,395,2.029474,1.483371,-3.067858,-0.008271,-0.003973,10.721057,0.199979,0.025161,0.025161,0.000000,,0,0,0,1,1,0,-0.000354,-0.179769,0.6875,0.3927,0.2671,2,ok
0,396,2.009539,1.481928,-3.052661,-0.008239,0.011224,10.739761,0.199748,0.257787,0.257787,0.000000,C-06,0,0,0,1,1,0,0.000436,-0.184850,0.7917,0.3058,0.2653,2,ok
0,397,1.985661,1.480196,-3.028296,-0.008815,0.009597,10.764775,0.199266,0.311490,0.311490,0.000000,,0,0,0,1,1,0,0.000216,-0.178843,0.7708,0.2875,0.2617,2,ok
0,398,1.965807,1.478561,-3.014074,-0.009074,0.023819,10.784695,0.199183,0.207928,0.207928,0.000000,,0,0,0,1,1,0,-0.000809,-0.162980,0.7708,0.3023,0.2651,2,ok
0,399,1.945988,1.476678,-2.999530,-0.009456,0.009780,10.804291,0.199025,0.225872,0.225872,0.000000,,0,0,0,1,1,0,-0.002583,-0.148171,0.7292,0.3356,0.2669,2,ok
0,400,1.922258,1.473968,-2.983574,-0.009819,0.025735,10.828172,0.199000,0.206215,0.206215,0.000000,,0,0,0,1,1,0,-0.000814,-0.145759,0.7292,0.2758,0.2648,2,ok
