episode,step,sim_time_s,x,y,yaw,ey,epsi,s,speed,raw_steer,safe_steer,steer_correction,raw_throttle,safe_throttle,throttle_correction,interventions,emergency,joint_envelope_violated,oscillation_persistent,cv_ok,cv_state_available,cv_perception_invalid,cv_ey,cv_epsi,cv_confidence,cv_curvature,cv_lane_width,cv_n_lines,cv_reason
0,1,1.020000,-0.836161,-1.629106,0.008194,-0.006606,0.008194,2.002775,0.051679,-0.153063,-0.153063,0.000000,1.000000,1.000000,0.000000,,0,0,0,1,1,0,0.004913,0.021167,0.7708,-0.0237,0.2686,2,ok
0,2,1.120000,-0.828079,-1.629040,0.008608,-0.006540,0.008608,2.010856,0.104677,0.019979,0.019979,0.000000,1.000000,1.000000,0.000000,C-06,0,0,0,1,1,0,0.004563,-0.003575,0.7292,-0.0442,0.2683,2,ok
0,3,1.240000,-0.811390,-1.628844,0.011742,-0.006344,0.011742,2.027545,0.168277,0.132662,0.132662,0.000000,1.000000,1.000000,0.000000,,0,0,0,1,1,0,0.003736,-0.000301,0.7292,-0.0339,0.2674,2,ok
0,4,1.340000,-0.791664,-1.628602,0.012356,-0.006102,0.012356,2.047272,0.219826,-0.000583,-0.000583,0.000000,1.000000,1.000000,0.000000,,0,0,0,1,1,0,0.004130,0.004140,0.7292,-0.0295,0.2672,2,ok
0,5,1.460000,-0.765265,-1.628279,-0.010845,-0.005779,-0.010845,2.073671,0.220006,-0.300908,-0.300908,0.000000,1.000000,1.000000,0.000000,C-06,0,0,0,1,1,0,0.005039,0.004317,0.7083,-0.0457,0.2669,2,ok
0,6,1.560000,-0.743271,-1.628010,-0.035033,-0.005510,-0.035033,2.095665,0.219891,-0.350159,-0.350159,0.000000,1.000000,1.000000,0.000000,,0,0,0,1,1,0,0.004373,-0.015907,0.7083,-0.0522,0.2664,2,ok
0,7,1.660000,-0.721279,-1.628662,0.008522,-0.006162,0.008522,2.117656,0.220152,1.000000,1.000000,0.000000,1.000000,1.000000,0.000000,C-06,0,0,0,1,1,0,0.001575,-0.049322,0.7083,-0.0465,0.2665,2,ok
0,8,1.780000,-0.694919,-1.629654,0.090692,-0.007154,0.090692,2.144016,0.219322,1.000000,1.000000,0.000000,1.000000,1.000000,0.000000,,0,0,0,1,1,0,0.000005,-0.069442,0.7500,-0.0443,0.2668,2,ok
0,9,1.900000,-0.668711,-1.629584,0.146726,-0.007084,0.146726,2.170225,0.217830,0.689674,0.689674,0.000000,1.000000,1.000000,0.000000,C-06,0,0,0,1,1,0,0.011965,0.096539,0.7917,-0.0429,0.2670,2,ok
0,10,2.000000,-0.646930,-1.626565,0.129499,-0.004065,0.129499,2.192006,0.220468,-0.366679,-0.366679,0.000000,1.000000,1.000000,0.000000,C-06,0,0,0,1,1,0,0.017384,0.193425,0.7708,-0.0233,0.2660,3,ok
0,11,2.100000,-0.625068,-1.623356,0.091936,-0.000856,0.091936,2.213867,0.221364,-0.591863,-0.591863,0.000000,1.000000,1.000000,0.000000,C-06,0,0,0,1,1,0,0.021615,0.215811,0.7292,-0.0366,0.2652,3,ok
0,12,2.200000,-0.603127,-1.620148,0.051900,0.002352,0.051900,2.235335,0.222008,-0.593762,-0.593762,0.000000,1.000000,1.000000,0.000000,,0,0,0,1,1,0,0.021294,0.164463,0.7500,-0.0381,0.2662,3,ok
0,13,2.320000,-0.577465,-1.616815,0.008533,0.005685,0.008533,2.261471,0.214939,-0.516804,-0.516804,0.000000,0.970957,0.970957,0.000000,,0,0,0,1,1,0,0.019314,0.103397,0.7500,-0.0346,0.2664,3,ok
0,14,2.420000,-0.555573,-1.616499,0.017360,0.006001,0.017360,2.283363,0.219975,0.188136,0.188136,0.000000,1.000000,1.000000,0.000000,C-06,0,0,0,1,1,0,0.017827,0.041160,0.7083,-0.0321,0.2672,2,ok
0,15,2.520000,-0.533586,-1.616338,0.052725,0.006162,0.052725,2.305349,0.219724,0.559205,0.559205,0.000000,1.000000,1.000000,0.000000,C-06,0,0,0,1,1,0,0.017629,0.008948,0.6875,-0.0348,0.2673,2,ok
0,16,2.620000,-0.511620,-1.615207,0.055087,0.007293,0.055087,2.327316,0.220005,-0.009739,-0.009739,0.000000,1.000000,1.000000,0.000000,C-06,0,0,0,1,1,0,0.021556,0.059313,0.7500,-0.0304,0.2675,2,ok
0,17,2.720000,-0.489645,-1.613986,0.038667,0.008514,0.038667,2.349290,0.220166,-0.270376,-0.270376,0.000000,1.000000,1.000000,0.000000,C-06,0,0,0,1,1,0,0.024129,0.071147,0.8125,-0.0468,0.2661,3,ok
0,18,2.820000,-0.467652,-1.612765,0.003078,0.009735,0.003078,2.371284,0.220335,-0.536626,-0.536626,0.000000,1.000000,1.000000,0.000000,C-06,0,0,0,1,1,0,0.023092,0.055356,0.7708,-0.0276,0.2678,2,ok
0,19,2.940000,-0.441256,-1.611329,-0.033448,0.011171,-0.033448,2.397679,0.220141,-0.427149,-0.427149,0.000000,1.000000,1.000000,0.000000,,0,0,0,1,1,0,0.021257,-0.001798,0.7500,-0.0489,0.2671,2,ok
0,20,3.040000,-0.419264,-1.611942,-0.010624,0.010558,-0.010624,2.419672,0.220100,0.411054,0.411054,0.000000,1.000000,1.000000,0.000000,C-06,0,0,0,1,1,0,0.018309,-0.049600,0.7708,-0.0475,0.2660,2,ok
0,21,3.140000,-0.397266,-1.612178,-0.019384,0.010322,-0.019384,2.441670,0.219969,-0.204645,-0.204645,0.000000,1.000000,1.000000,0.000000,C-06,0,0,0,1,1,0,0.017456,-0.074769,0.7292,-0.0546,0.2661,2,ok
0,22,3.240000,-0.375280,-1.612349,-0.052970,0.010151,-0.052970,2.463656,0.219721,-0.528312,-0.528312,0.000000,1.000000,1.000000,0.000000,C-06,0,0,0,1,1,0,0.018668,-0.035991,0.7500,-0.0444,0.2666,2,ok
0,23,3.360000,-0.348927,-1.613335,-0.064295,0.009165,-0.064295,2.490009,0.219760,-0.112784,-0.112784,0.000000,1.000000,1.000000,0.000000,C-06,0,0,0,1,1,0,0.015528,-0.079716,0.7083,-0.0461,0.2673,2,ok
0,24,3.460000,-0.326958,-1.614689,-0.033206,0.007811,-0.033206,2.511978,0.220301,0.556681,0.556681,0.000000,1.000000,1.000000,0.000000,C-06,0,0,0,1,1,0,0.012736,-0.114860,0.7083,-0.0551,0.2660,2,ok
0,25,3.560000,-0.305839,-1.615440,-0.053708,0.007060,-0.053708,2.533097,0.208602,-0.405118,-0.405118,0.000000,0.948951,0.948951,0.000000,C-06,0,0,0,1,1,0,0.013181,-0.071579,0.7708,-0.0401,0.2668,2,ok
0,26,3.660000,-0.285272,-1.616490,-0.041338,0.006010,-0.041338,2.553663,0.205486,0.233364,0.233364,0.000000,0.933578,0.933578,0.000000,C-06,0,0,0,1,1,0,0.013013,-0.077348,0.7917,-0.0441,0.2673,2,ok
0,27,3.780000,-0.259234,-1.617521,-0.054431,0.004979,-0.054431,2.579702,0.219846,-0.195919,-0.195919,0.000000,1.000000,1.000000,0.000000,C-06,0,0,0,1,1,0,0.009844,-0.093446,0.7917,-0.0323,0.2669,2,ok
0,28,3.900000,-0.232851,-1.618950,0.012343,0.003550,0.012343,2.606084,0.220326,1.000000,1.000000,0.000000,1.000000,1.000000,0.000000,C-06,0,0,0,1,1,0,0.009396,-0.100978,0.7708,-0.0559,0.2666,2,ok
0,29,4.000000,-0.210857,-1.619205,0.029654,0.003295,0.029654,2.628078,0.219907,0.161395,0.161395,0.000000,1.000000,1.000000,0.000000,C-06,0,0,0,1,1,0,0.011347,-0.054505,0.7500,-0.0438,0.2668,2,ok
0,30,4.120000,-0.184463,-1.618521,-0.002674,0.003979,-0.002674,2.654473,0.220086,-0.462701,-0.462701,0.000000,1.000000,1.000000,0.000000,C-06,0,0,0,1,1,0,0.016546,0.017769,0.7292,-0.0461,0.2673,2,ok
0,31,4.240000,-0.158070,-1.617781,-0.040428,0.004719,-0.040428,2.680865,0.219921,-0.450284,-0.450284,0.000000,1.000000,1.000000,0.000000,,0,0,0,1,1,0,0.014312,-0.012804,0.6875,-0.0387,0.2679,2,ok
0,32,4.360000,-0.131689,-1.618737,-0.030350,0.003763,-0.030350,2.707247,0.220078,0.167965,0.167965,0.000000,1.000000,1.000000,0.000000,C-06,0,0,0,1,1,0,0.009960,-0.055637,0.6875,-0.0241,0.2681,2,ok
0,33,4.480000,-0.109592,-1.619364,-0.001962,0.003136,-0.001962,2.729343,0.175943,0.419664,0.419664,0.000000,0.799461,0.799461,0.000000,C-06,0,0,0,1,1,0,0.009529,-0.076850,0.7292,-0.0391,0.2679,2,ok
0,34,4.600000,-0.086930,-1.619420,-0.023732,0.003080,-0.023732,2.752006,0.192333,-0.325745,-0.325745,0.000000,0.874463,0.874463,0.000000,C-06,0,0,0,1,1,0,0.009963,-0.052095,0.8125,-0.0360,0.2669,2,ok
0,35,4.700000,-0.065838,-1.619590,-0.032060,0.002910,-0.032060,2.773098,0.219906,-0.104002,-0.104002,0.000000,1.000000,1.000000,0.000000,C-06,0,0,0,1,1,0,0.012666,-0.015545,0.7917,-0.0383,0.2674,2,ok
0,36,4.820000,-0.039467,-1.619937,-0.062011,0.002563,-0.062011,2.799469,0.219616,-0.393962,-0.393962,0.000000,1.000000,1.000000,0.000000,C-06,0,0,0,1,1,0,0.008901,-0.059193,0.7500,-0.0263,0.2670,2,ok
0,37,4.940000,-0.013094,-1.621512,-0.009401,0.000988,-0.009401,2.825841,0.220418,0.793339,0.793339,0.000000,1.000000,1.000000,0.000000,C-06,0,0,0,1,1,0,0.004680,-0.107977,0.7083,-0.0155,0.2688,2,ok
0,38,5.060000,0.013304,-1.623004,0.021589,-0.000504,0.021589,2.852240,0.220171,0.341954,0.341954,0.000000,1.000000,1.000000,0.000000,C-06,0,0,0,1,1,0,0.007530,-0.065115,0.7292,-0.0440,0.2654,2,ok
0,39,5.160000,0.035299,-1.622624,0.022593,-0.000124,0.022593,2.874234,0.219994,-0.008880,-0.008880,0.000000,1.000000,1.000000,0.000000,C-06,0,0,0,1,1,0,0.010341,-0.000943,0.7083,-0.0251,0.2675,2,ok
0,40,5.280000,0.061695,-1.622056,-0.028757,0.000444,-0.028757,2.900631,0.219976,-0.720727,-0.720727,0.000000,1.000000,1.000000,0.000000,C-06,0,0,0,1,1,0,0.011949,0.020790,0.6667,-0.0273,0.2685,2,ok
0,41,5.400000,0.088068,-1.621667,-0.058294,0.000833,-0.058294,2.927004,0.219643,-0.330722,-0.330722,0.000000,1.000000,1.000000,0.000000,C-06,0,0,0,1,1,0,0.008779,-0.040770,0.7083,-0.0456,0.2666,2,ok
0,42,5.520000,0.114445,-1.623114,0.005258,-0.000614,0.005258,2.953381,0.220393,1.000000,1.000000,0.000000,1.000000,1.000000,0.000000,C-06,0,0,0,1,1,0,0.004608,-0.086184,0.7917,-0.0395,0.2660,2,ok
0,43,5.620000,0.136168,-1.623056,-0.011106,-0.000556,-0.011106,2.975103,0.216213,-0.409677,-0.409677,0.000000,0.982776,0.982776,0.000000,C-06,0,0,0,1,1,0,0.008160,-0.022177,0.7917,-0.0368,0.2660,2,ok
0,44,5.740000,0.162506,-1.623340,0.000490,-0.000840,0.000490,3.001441,0.220017,0.186014,0.186014,0.000000,1.000000,1.000000,0.000000,C-06,0,0,0,1,1,0,0.008534,-0.024848,0.7917,-0.0427,0.2666,2,ok
0,45,5.860000,0.188892,-1.623324,-0.063703,-0.000824,-0.063703,3.027828,0.219604,-1.000000,-1.000000,0.000000,1.000000,1.000000,0.000000,C-06,0,0,0,1,1,0,0.008471,-0.027061,0.7708,-0.0403,0.2681,2,ok
0,46,5.980000,0.215222,-1.624791,-0.076092,-0.002291,-0.076092,3.054157,0.219827,-0.063381,-0.063381,0.000000,1.000000,1.000000,0.000000,C-06,0,0,0,1,1,0,0.006082,-0.051621,0.7500,-0.0412,0.2670,2,ok
0,47,6.100000,0.241575,-1.626752,-0.032929,-0.004252,-0.032929,3.080510,0.220479,0.611048,0.611048,0.000000,1.000000,1.000000,0.000000,C-06,0,0,0,1,1,0,-0.000375,-0.133578,0.7083,-0.0484,0.2656,2,ok
0,48,6.200000,0.263570,-1.628398,0.033212,-0.005898,0.033212,3.102506,0.220520,1.000000,1.000000,0.000000,1.000000,1.000000,0.000000,C-06,0,0,0,1,1,0,-0.000602,-0.099472,0.6875,-0.0421,0.2663,2,ok
0,49,6.320000,0.289914,-1.629920,0.091066,-0.007420,0.091066,3.128850,0.219243,0.683621,0.683621,0.000000,1.000000,1.000000,0.000000,C-06,0,0,0,1,1,0,0.001546,-0.071396,0.7083,-0.0490,0.2668,2,ok
0,50,6.440000,0.316209,-1.627706,0.083035,-0.005206,0.083035,3.155145,0.220152,-0.158042,-0.158042,0.000000,1.000000,1.000000,0.000000,C-06,0,0,0,1,1,0,0.012888,0.112619,0.7708,-0.0395,0.2672,3,ok
0,51,6.560000,0.341949,-1.625284,0.073449,-0.002784,0.073449,3.180884,0.215151,-0.116192,-0.116192,0.000000,0.976305,0.976305,0.000000,,0,0,0,1,1,0,0.014680,0.126351,0.7917,-0.0381,0.2668,3,ok
0,52,6.680000,0.368205,-1.622886,0.037537,-0.000386,0.037537,3.207141,0.220734,-0.477731,-0.477731,0.000000,1.000000,1.000000,0.000000,C-06,0,0,0,1,1,0,0.015777,0.104049,0.7500,-0.0377,0.2690,3,ok
0,53,6.780000,0.390197,-1.621160,0.017442,0.001340,0.017442,3.229132,0.220500,-0.271830,-0.271830,0.000000,1.000000,1.000000,0.000000,C-06,0,0,0,1,1,0,0.014927,0.061550,0.7708,-0.0444,0.2668,2,ok
0,54,6.900000,0.416586,-1.620614,0.040936,0.001886,0.040936,3.255522,0.219861,0.339384,0.339384,0.000000,1.000000,1.000000,0.000000,C-06,0,0,0,1,1,0,0.013557,0.022282,0.7500,-0.0390,0.2665,2,ok
0,55,7.020000,0.442967,-1.619576,0.031665,0.002924,0.031665,3.281903,0.220073,-0.155208,-0.155208,0.000000,1.000000,1.000000,0.000000,C-06,0,0,0,1,1,0,0.014873,0.034849,0.7083,-0.0306,0.2670,2,ok
0,56,7.120000,0.464962,-1.618669,0.005137,0.003831,0.005137,3.303898,0.220182,-0.406589,-0.406589,0.000000,1.000000,1.000000,0.000000,C-06,0,0,0,1,1,0,0.017252,0.043695,0.7083,-0.0439,0.2675,2,ok
0,57,7.240000,0.491362,-1.617693,-0.014963,0.004807,-0.014963,3.330297,0.220071,-0.226510,-0.226510,0.000000,1.000000,1.000000,0.000000,C-06,0,0,0,1,1,0,0.014873,0.005727,0.7292,-0.0345,0.2666,2,ok
0,58,7.360000,0.517759,-1.618039,-0.008094,0.004461,-0.008094,3.356695,0.220019,0.104076,0.104076,0.000000,1.000000,1.000000,0.000000,C-06,0,0,0,1,1,0,0.013252,-0.026583,0.7917,-0.0401,0.2668,2,ok
0,59,7.480000,0.544145,-1.618252,-0.060455,0.004248,-0.060455,3.383080,0.219642,-0.777752,-0.777752,0.000000,1.000000,1.000000,0.000000,C-06,0,0,0,1,1,0,0.013256,-0.039843,0.7708,-0.0434,0.2680,2,ok
0,60,7.600000,0.569513,-1.619719,0.000238,0.002781,0.000238,3.408448,0.207347,1.000000,1.000000,0.000000,0.940611,0.940611,0.000000,C-06,0,0,0,1,1,0,0.009089,-0.089506,0.7500,-0.0590,0.2662,2,ok
0,61,7.700000,0.591234,-1.620747,0.028130,0.001753,0.028130,3.430169,0.220057,0.331027,0.331027,0.000000,1.000000,1.000000,0.000000,C-06,0,0,0,1,1,0,0.009203,-0.073665,0.7292,-0.0462,0.2674,2,ok
0,62,7.820000,0.617628,-1.620137,0.006738,0.002363,0.006738,3.456563,0.220076,-0.318020,-0.318020,0.000000,1.000000,1.000000,0.000000,C-06,0,0,0,1,1,0,0.014916,0.004945,0.7500,-0.0603,0.2666,2,ok
0,63,7.940000,0.644021,-1.619413,-0.043535,0.003087,-0.043535,3.482957,0.219896,-0.630581,-0.630581,0.000000,1.000000,1.000000,0.000000,C-06,0,0,0,1,1,0,0.013387,-0.000405,0.7083,-0.0347,0.2680,2,ok
0,64,8.060000,0.670385,-1.619957,-0.058635,0.002543,-0.058635,3.509321,0.219725,-0.157817,-0.157817,0.000000,1.000000,1.000000,0.000000,C-06,0,0,0,1,1,0,0.010045,-0.060068,0.6875,-0.0515,0.2658,2,ok
0,65,8.180000,0.696764,-1.621459,0.007584,0.001041,0.007584,3.535699,0.220379,1.000000,1.000000,0.000000,1.000000,1.000000,0.000000,C-06,0,0,0,1,1,0,0.006520,-0.102990,0.7292,-0.0408,0.2674,2,ok
0,66,8.300000,0.722224,-1.621306,-0.010635,0.001194,-0.010635,3.561160,0.210226,-0.341637,-0.341637,0.000000,0.955544,0.955544,0.000000,C-06,0,0,0,1,1,0,0.009830,-0.037591,0.7917,-0.0442,0.2671,2,ok
0,67,8.420000,0.748453,-1.621011,-0.033908,0.001489,-0.033908,3.586935,0.219895,-0.273516,-0.273516,0.000000,1.000000,1.000000,0.000000,,0,0,0,1,1,0,0.010860,-0.010872,0.7917,-0.0284,0.2675,2,ok
0,68,8.540000,0.774801,-1.620718,-0.091957,0.001782,-0.091957,3.613737,0.219141,-0.780720,-0.780720,0.000000,1.000000,1.000000,0.000000,C-06,0,0,0,1,1,0,0.008245,-0.053989,0.7500,-0.0281,0.2690,2,ok
0,69,8.640000,0.796730,-1.622538,-0.049905,-0.000038,-0.049905,3.635665,0.220645,0.917781,0.917781,0.000000,1.000000,1.000000,0.000000,C-06,0,0,0,1,1,0,0.002440,-0.132347,0.7083,-0.0373,0.2662,2,ok
0,70,8.760000,0.823121,-1.625004,0.033181,-0.002504,0.033181,3.662056,0.220862,1.000000,1.000000,0.000000,1.000000,1.000000,0.000000,,0,0,0,1,1,0,0.000710,-0.135979,0.7083,-0.0301,0.2664,2,ok
0,71,8.880000,0.849502,-1.624270,0.035554,-0.001770,0.035554,3.687035,0.220035,-0.062588,-0.062588,0.000000,1.000000,1.000000,0.000000,C-06,0,0,0,1,1,0,0.007226,-0.033150,0.6875,-0.0384,0.2664,2,ok
0,72,9.000000,0.875896,-1.623215,-0.003551,-0.000715,-0.003551,3.714831,0.220175,-0.519866,-0.519866,0.000000,1.000000,1.000000,0.000000,C-06,0,0,0,1,1,0,0.013820,0.033091,0.6458,-0.0696,0.2655,2,ok
0,73,9.120000,0.902286,-1.622160,-0.045097,0.000340,-0.045097,3.741222,0.219970,-0.495722,-0.495722,0.000000,1.000000,1.000000,0.000000,,0,0,0,1,1,0,0.011379,-0.004848,0.7083,-0.0609,0.2675,2,ok
0,74,9.220000,0.924273,-1.623042,-0.007895,-0.000542,-0.007895,3.763209,0.220214,0.691103,0.691103,0.000000,1.000000,1.000000,0.000000,C-06,0,0,0,1,1,0,0.004641,-0.073400,0.7292,-0.0299,0.2650,2,ok
0,75,9.340000,0.947096,-1.623228,-0.011986,-0.000728,-0.011986,3.786032,0.186645,-0.121761,-0.121761,0.000000,0.848437,0.848437,0.000000,C-06,0,0,0,1,1,0,0.007455,-0.044504,0.7083,-0.0540,0.2654,2,ok
0,76,9.460000,0.972161,-1.623457,-0.011204,-0.000957,-0.011204,3.811097,0.219994,0.020139,0.020139,0.000000,1.000000,1.000000,0.000000,C-06,0,0,0,1,1,0,0.010028,-0.062365,0.7500,-0.1074,0.2692,2,ok
0,77,9.580000,0.998542,-1.623735,-0.067537,-0.001235,-0.067537,3.837235,0.219556,-0.849059,-0.849059,0.000000,1.000000,1.000000,0.000000,C-06,0,0,0,1,1,0,0.009536,-0.069643,0.7292,-0.1140,0.2691,2,ok
0,78,9.700000,1.024899,-1.625473,-0.035002,-0.002973,-0.035002,3.863835,0.220389,0.523274,0.523274,0.000000,1.000000,1.000000,0.000000,C-06,0,0,0,1,1,0,0.005616,-0.156313,0.6875,-0.1668,0.2694,2,ok
0,79,9.800000,1.046894,-1.627014,0.030112,-0.004514,0.030112,3.885830,0.220462,1.000000,1.000000,0.000000,1.000000,1.000000,0.000000,C-06,0,0,0,1,1,0,0.003405,-0.146348,0.6667,-0.1618,0.2704,2,ok
0,80,9.920000,1.073249,-1.628293,0.081371,-0.005793,0.081371,3.912184,0.219375,0.585401,0.585401,0.000000,1.000000,1.000000,0.000000,C-06,0,0,0,1,1,0,0.012474,-0.087184,0.6458,-0.2827,0.2645,2,ok
0,81,10.040000,1.099579,-1.626286,0.059059,-0.003786,0.059059,3.937335,0.220316,-0.333592,-0.333592,0.000000,1.000000,1.000000,0.000000,C-06,0,0,0,1,1,0,0.018494,0.037948,0.6875,-0.2745,0.2622,2,ok
0,82,10.140000,1.121549,-1.624513,0.045805,-0.002013,0.045805,3.960484,0.220467,-0.183068,-0.183068,0.000000,1.000000,1.000000,0.000000,C-06,0,0,0,1,1,0,0.016629,0.033979,0.7500,-0.2552,0.2641,3,ok
0,83,10.260000,1.147936,-1.622434,0.009491,0.000066,0.009491,3.986872,0.220666,-0.461636,-0.461636,0.000000,1.000000,1.000000,0.000000,C-06,0,0,0,1,1,0,0.014496,0.030093,0.7292,-0.2248,0.2645,2,ok
0,84,10.380000,1.174336,-1.621361,-0.008899,0.001139,-0.008899,4.013271,0.220098,-0.203660,-0.203660,0.000000,1.000000,1.000000,0.000000,C-06,0,0,0,1,1,0,0.014475,-0.021893,0.7083,-0.2777,0.2644,2,ok
0,85,10.500000,1.200731,-1.620738,-0.027518,0.001762,-0.027518,4.037435,0.219947,-0.223014,-0.223014,0.000000,1.000000,1.000000,0.000000,,0,0,0,1,1,0,0.007916,-0.022025,0.7292,-0.1809,0.2647,2,ok
0,86,10.620000,1.224015,-1.621223,-0.035912,0.001277,-0.035912,4.062950,0.191681,-0.093816,-0.093816,0.000000,0.871573,0.871573,0.000000,C-06,0,0,0,1,1,0,0.006357,-0.037974,0.7083,-0.1773,0.2665,2,ok
0,87,10.720000,1.243955,-1.621698,-0.051095,0.000802,-0.051095,4.082890,0.200899,-0.233777,-0.233777,0.000000,0.914071,0.914071,0.000000,,0,0,0,1,1,0,0.002801,-0.030377,0.6667,-0.1532,0.2650,2,ok
0,88,10.840000,1.269735,-1.622893,-0.014092,-0.000393,-0.014092,4.108671,0.220212,0.546613,0.546613,0.000000,1.000000,1.000000,0.000000,C-06,0,0,0,1,1,0,-0.000012,-0.029147,0.6458,-0.1150,0.2698,2,ok
0,89,10.960000,1.296134,-1.623297,-0.010220,-0.000797,-0.010220,4.135069,0.220006,0.011638,0.011638,0.000000,1.000000,1.000000,0.000000,C-06,0,0,0,1,1,0,0.000687,0.004091,0.6875,-0.0965,0.2698,2,ok
0,90,11.080000,1.322526,-1.623624,-0.037346,-0.001124,-0.035289,4.161462,0.219875,-0.365307,-0.365307,0.000000,1.000000,1.000000,0.000000,C-06,0,0,0,1,1,0,0.004063,0.032280,0.7500,-0.1203,0.2670,2,ok
0,91,11.200000,1.348884,-1.623951,-0.074378,-0.001451,-0.072321,4.187635,0.219436,-0.458938,-0.458938,0.000000,1.000000,1.000000,0.000000,,0,0,0,1,1,0,0.001274,0.025815,0.7083,-0.1101,0.2654,2,ok
0,92,11.300000,1.370836,-1.625425,-0.042355,-0.002925,-0.036166,4.209771,0.220411,0.714694,0.714694,0.000000,1.000000,1.000000,0.000000,C-06,0,0,0,1,1,0,-0.002385,-0.013922,0.7292,-0.0875,0.2662,2,ok
0,93,11.420000,1.397228,-1.627431,0.039161,-0.004931,0.045350,4.236164,0.220497,1.000000,1.000000,0.000000,1.000000,1.000000,0.000000,C-06,0,0,0,1,1,0,-0.005050,-0.004611,0.7083,-0.0268,0.2682,2,ok
0,94,11.540000,1.423597,-1.626842,0.053064,-0.004081,0.067100,4.262575,0.219831,0.095770,0.095770,0.000000,1.000000,1.000000,0.000000,C-06,0,0,0,1,1,0,0.005111,0.161061,0.6875,-0.0017,0.2690,3,ok
0,95,11.640000,1.445573,-1.625753,0.034551,-0.002766,0.048587,4.284540,0.220142,-0.320601,-0.320601,0.000000,1.000000,1.000000,0.000000,C-06,0,0,0,1,1,0,0.008047,0.219073,0.6667,0.0341,0.2674,3,ok
0,96,11.760000,1.471967,-1.624415,0.006656,-0.000894,0.030092,4.310929,0.220276,-0.333891,-0.333891,0.000000,1.000000,1.000000,0.000000,,0,0,0,1,1,0,0.008585,0.226226,0.6250,0.0571,0.2648,3,ok
0,97,11.880000,1.498364,-1.624192,0.022395,-0.000068,0.057225,4.337318,0.219952,0.243138,0.243138,0.000000,1.000000,1.000000,0.000000,C-06,0,0,0,1,1,0,0.011569,0.161186,0.6875,0.0018,0.2643,3,ok
0,98,12.000000,1.524760,-1.623616,0.009904,0.001543,0.044734,4.363671,0.220046,-0.184001,-0.184001,0.000000,1.000000,1.000000,0.000000,C-06,0,0,0,1,1,0,0.012980,0.166186,0.7500,0.0357,0.2643,3,ok
0,99,12.120000,1.551160,-1.623006,-0.004286,0.003246,0.041149,4.390001,0.220057,-0.165818,-0.165818,0.000000,1.000000,1.000000,0.000000,,0,0,0,1,1,0,0.015602,0.159918,0.7500,0.0295,0.2617,3,ok
0,100,12.220000,1.573157,-1.622498,-0.027487,0.004787,0.017947,4.411950,0.219983,-0.348986,-0.348986,0.000000,1.000000,1.000000,0.000000,C-06,0,0,0,1,1,0,0.018525,0.127867,0.7083,-0.0243,0.2610,3,ok
0,101,12.340000,1.599535,-1.622154,-0.051349,0.006437,0.004503,4.438220,0.219722,-0.284610,-0.284610,0.000000,1.000000,1.000000,0.000000,,0,0,0,1,1,0,0.017080,0.087805,0.6875,0.0201,0.2660,2,ok
0,102,12.460000,1.625890,-1.622883,-0.065284,0.007209,-0.009432,4.464573,0.219678,-0.163028,-0.163028,0.000000,1.000000,1.000000,0.000000,,0,0,0,1,1,0,0.013670,0.081621,0.6875,0.1086,0.2697,2,ok
0,103,12.580000,1.652220,-1.623936,-0.080561,0.007722,-0.018037,4.490871,0.219535,-0.189983,-0.189983,0.000000,1.000000,1.000000,0.000000,,0,0,0,1,1,0,0.013873,0.055102,0.6667,0.0778,0.2675,2,ok
0,104,12.700000,1.678522,-1.625599,-0.090983,0.007726,-0.028459,4.517226,0.219615,-0.126648,-0.126648,0.000000,1.000000,1.000000,0.000000,,0,0,0,1,1,0,0.012444,0.036158,0.7292,0.1074,0.2669,2,ok
0,105,12.800000,1.700415,-1.627126,-0.107532,0.007676,-0.038746,4.539100,0.219284,-0.263087,-0.263087,0.000000,1.000000,1.000000,0.000000,,0,0,0,1,1,0,0.009972,0.040096,0.7708,0.1648,0.2676,2,ok
0,106,12.920000,1.725492,-1.628942,-0.137288,0.007688,-0.068502,4.564242,0.207994,-0.396138,-0.396138,0.000000,0.951701,0.951701,0.000000,,0,0,0,1,1,0,0.008823,0.025825,0.7708,0.1646,0.2650,2,ok
0,107,13.040000,1.751347,-1.632247,-0.072216,0.006269,0.000777,4.590270,0.221178,1.000000,1.000000,0.000000,1.000000,1.000000,0.000000,C-06,0,0,0,1,1,0,0.003928,-0.018791,0.7500,0.2210,0.2664,2,ok
0,108,13.140000,1.773299,-1.633845,-0.065757,0.006268,0.007236,4.612280,0.220000,-0.000303,-0.000303,0.000000,1.000000,1.000000,0.000000,C-06,0,0,0,1,1,0,0.007671,0.032026,0.7500,0.2307,0.2667,2,ok
0,109,13.260000,1.799619,-1.635579,-0.091458,0.006503,-0.015559,4.638620,0.219583,-0.351972,-0.351972,0.000000,1.000000,1.000000,0.000000,C-06,0,0,0,1,1,0,0.012444,0.075208,0.7083,0.2263,0.2667,2,ok
0,110,13.380000,1.825839,-1.637314,-0.144700,0.006824,-0.068801,4.664895,0.218262,-0.742505,-0.742505,0.000000,1.000000,1.000000,0.000000,C-06,0,0,0,1,1,0,0.011801,0.050539,0.7083,0.2283,0.2673,2,ok
0,111,13.500000,1.851985,-1.640973,-0.127149,0.005218,-0.050323,4.691249,0.220468,0.303129,0.303129,0.000000,1.000000,1.000000,0.000000,C-06,0,0,0,1,1,0,0.006309,-0.053821,0.6458,0.2274,0.2705,2,ok
0,112,13.620000,1.878246,-1.644763,-0.072727,0.003486,0.004099,4.717725,0.221638,0.708761,0.708761,0.000000,1.000000,1.000000,0.000000,C-06,0,0,0,1,1,0,0.002813,-0.035781,0.6875,0.2848,0.2679,2,ok
0,113,13.720000,1.900197,-1.646597,-0.064601,0.003366,0.011967,4.739753,0.220151,0.054800,0.054800,0.000000,1.000000,1.000000,0.000000,C-06,0,0,0,1,1,0,0.009720,0.019470,0.7708,0.2480,0.2658,2,ok
0,114,13.840000,1.926517,-1.648312,-0.094340,0.003703,-0.017772,4.766126,0.219510,-0.418556,-0.418556,0.000000,1.000000,1.000000,0.000000,C-06,0,0,0,1,1,0,0.011237,0.044480,0.7500,0.2629,0.2664,2,ok
0,115,13.960000,1.952713,-1.650011,-0.155148,0.004040,-0.080850,4.792378,0.217916,-0.825341,-0.825341,0.000000,1.000000,1.000000,0.000000,C-06,0,0,0,1,1,0,0.011302,-0.018189,0.7292,0.2188,0.2669,2,ok
0,116,14.080000,1.978849,-1.653910,-0.113879,0.002173,-0.039581,4.818737,0.221171,0.712101,0.712101,0.000000,1.000000,1.000000,0.000000,C-06,0,0,0,1,1,0,0.006308,-0.079136,0.7083,0.2236,0.2623,2,ok
0,117,14.200000,2.005157,-1.658015,-0.046468,0.000017,0.024372,4.845284,0.222375,0.848639,0.848639,0.000000,1.000000,1.000000,0.000000,,0,0,0,1,1,0,-0.000664,-0.012185,0.7083,0.3731,0.2733,2,ok
0,118,14.300000,2.027150,-1.661370,0.006370,-0.001762,0.077210,4.867460,0.222162,0.748622,0.748622,0.000000,1.000000,1.000000,0.000000,,0,0,0,1,1,0,0.002268,0.057311,0.6875,0.4159,0.2697,2,ok
0,119,14.420000,2.053548,-1.661451,-0.027810,-0.000022,0.038061,4.893796,0.219939,-0.589781,-0.589781,0.000000,1.000000,1.000000,0.000000,C-06,0,0,0,1,1,0,0.007833,0.130293,0.6458,0.4117,0.2667,2,ok
0,120,14.540000,2.079917,-1.661184,-0.066723,0.002008,-0.000852,4.920088,0.219547,-0.465463,-0.465463,0.000000,1.000000,1.000000,0.000000,,0,0,0,1,1,0,0.007170,0.114350,0.6875,0.4671,0.2711,2,ok
0,121,14.640000,2.101851,-1.661698,-0.087337,0.002892,-0.028404,4.942025,0.219316,-0.293416,-0.293416,0.000000,1.000000,1.000000,0.000000,C-06,0,0,0,1,1,0,0.005038,0.044206,0.7500,0.4683,0.2658,2,ok
0,122,14.760000,2.128188,-1.663919,-0.034059,0.002273,0.024874,4.968449,0.220689,0.801046,0.801046,0.000000,1.000000,1.000000,0.000000,C-06,0,0,0,1,1,0,0.000819,0.017426,0.7500,0.5542,0.2665,2,ok
0,123,14.880000,2.154580,-1.666229,0.048168,0.001468,0.098652,4.994944,0.220624,1.000000,1.000000,0.000000,1.000000,1.000000,0.000000,C-06,0,0,0,1,1,0,0.003844,-0.010547,0.7292,0.5229,0.2670,2,ok
0,124,15.000000,2.180951,-1.665199,0.033418,0.003894,0.083903,5.021224,0.220175,-0.323770,-0.323770,0.000000,1.000000,1.000000,0.000000,C-06,0,0,0,1,1,0,0.012653,0.213600,0.7292,0.6068,0.2705,2,ok
0,125,15.120000,2.207346,-1.663803,0.002945,0.006534,0.043505,5.047576,0.220305,-0.366115,-0.366115,0.000000,1.000000,1.000000,0.000000,,0,0,0,1,1,0,0.016882,0.169044,0.7292,0.5903,0.2678,3,ok
0,126,15.220000,2.229342,-1.662640,-0.036807,0.008634,0.003753,5.069502,0.220176,-0.591519,-0.591519,0.000000,1.000000,1.000000,0.000000,C-06,0,0,0,1,1,0,0.013654,0.140459,0.6875,0.6701,0.2699,2,ok
0,127,15.340000,2.255725,-1.663514,-0.030622,0.008729,-0.002586,5.096018,0.220066,0.127812,0.127812,0.000000,1.000000,1.000000,0.000000,C-06,0,0,0,1,1,0,0.011501,0.016820,0.6458,0.6935,0.2687,2,ok
0,128,15.460000,2.282120,-1.664560,0.019232,0.008450,0.047268,5.122433,0.220142,0.661498,0.661498,0.000000,1.000000,1.000000,0.000000,C-06,0,0,0,1,1,0,0.009517,0.133167,0.7292,0.7326,0.2683,2,ok
0,129,15.580000,2.305411,-1.664160,0.006216,0.009412,0.019479,5.145813,0.190085,-0.250412,-0.250412,0.000000,0.863807,0.863807,0.000000,C-06,0,0,0,1,1,0,0.012188,0.014607,0.7292,0.7401,0.2667,2,ok
0,130,15.700000,2.330756,-1.663940,0.014716,0.010071,0.027979,5.171151,0.219985,0.127210,0.127210,0.000000,1.000000,1.000000,0.000000,C-06,0,0,0,1,1,0,0.013719,0.028773,0.7500,0.7861,0.2671,2,ok
0,131,15.800000,2.352754,-1.663670,-0.026269,0.010619,-0.030218,5.193346,0.219957,-0.755335,-0.755335,0.000000,1.000000,1.000000,0.000000,C-06,0,0,0,1,1,0,0.014101,-0.036584,0.7500,0.7969,0.2681,2,ok
0,132,15.920000,2.379149,-1.664383,-0.004403,0.009856,-0.008352,5.219739,0.220095,0.348002,0.348002,0.000000,1.000000,1.000000,0.000000,C-06,0,0,0,1,1,0,0.011223,-0.062219,0.7292,0.8492,0.2665,2,ok
0,133,16.040000,2.403624,-1.665205,0.040589,0.008909,0.017339,5.244383,0.201723,0.568129,0.568129,0.000000,0.917071,0.917071,0.000000,C-06,0,0,0,1,1,0,0.009360,-0.097432,0.7083,0.8596,0.2660,2,ok
0,134,16.140000,2.425166,-1.664741,0.050768,0.008923,0.027519,5.265930,0.219818,0.113478,0.113478,0.000000,1.000000,1.000000,0.000000,C-06,0,0,0,1,1,0,0.015068,-0.080553,0.7083,0.7725,0.2676,2,ok
0,135,16.260000,2.451508,-1.663935,0.083663,0.009180,0.060414,5.292283,0.219363,0.440487,0.440487,0.000000,1.000000,1.000000,0.000000,C-06,0,0,0,1,1,0,0.017672,-0.088409,0.7083,0.7609,0.2656,2,ok
0,136,16.380000,2.477826,-1.661804,0.069160,0.010179,0.022325,5.318875,0.220251,-0.237683,-0.237683,0.000000,1.000000,1.000000,0.000000,C-06,0,0,0,1,1,0,0.018363,0.090061,0.6458,0.7878,0.2654,2,ok
0,137,16.480000,2.499774,-1.660244,0.070165,0.010786,0.023330,5.340870,0.219995,0.037743,0.037743,0.000000,1.000000,1.000000,0.000000,C-06,0,0,0,1,1,0,0.021818,-0.090824,0.7083,0.7017,0.2647,2,ok
0,138,16.600000,2.526074,-1.658405,0.107311,0.010967,0.035123,5.367495,0.219315,0.522765,0.522765,0.000000,1.000000,1.000000,0.000000,C-06,0,0,0,1,1,0,0.020117,-0.160353,0.7708,0.7139,0.2650,2,ok
0,139,16.720000,2.552283,-1.656478,0.131665,0.011124,0.059477,5.393775,0.218860,0.296192,0.296192,0.000000,1.000000,1.000000,0.000000,C-06,0,0,0,1,1,0,0.022237,-0.194484,0.7500,0.6844,0.2667,2,ok
0,140,16.820000,2.574098,-1.653712,0.126514,0.011863,0.023862,5.416128,0.220059,-0.107761,-0.107761,0.000000,1.000000,1.000000,0.000000,C-06,0,0,0,1,1,0,0.024343,-0.151040,0.7083,0.6551,0.2669,2,ok
0,141,16.920000,2.595921,-1.650941,0.127624,0.012429,0.024972,5.438120,0.219961,0.025253,0.025253,0.000000,1.000000,1.000000,0.000000,,0,0,0,1,1,0,0.035285,-0.226506,0.6875,0.2638,0.2463,2,ok
0,142,17.040000,2.622076,-1.647621,0.146699,0.012782,0.010627,5.464839,0.219419,0.269082,0.269082,0.000000,1.000000,1.000000,0.000000,C-06,0,0,0,1,1,0,0.021966,-0.230155,0.7083,0.6238,0.2673,2,ok
0,143,17.140000,2.643777,-1.644854,0.185972,0.012741,0.049900,5.486716,0.218063,0.675567,0.675567,0.000000,1.000000,1.000000,0.000000,C-06,0,0,0,1,1,0,0.020771,-0.201226,0.6875,0.6392,0.2646,2,ok
0,144,17.260000,2.669688,-1.640289,0.196647,0.013693,0.021349,5.513615,0.219382,0.100408,0.100408,0.000000,1.000000,1.000000,0.000000,C-06,0,0,0,1,1,0,0.022130,-0.039144,0.6667,0.6245,0.2676,2,ok
0,145,17.380000,2.695654,-1.635221,0.160539,0.014210,-0.014759,5.540064,0.221214,-0.553200,-0.553200,0.000000,1.000000,1.000000,0.000000,C-06,0,0,0,1,1,0,0.022663,-0.081791,0.6458,0.6182,0.2635,2,ok
0,146,17.480000,2.717338,-1.631647,0.183549,0.013993,0.008251,5.562040,0.219231,0.450849,0.450849,0.000000,1.000000,1.000000,0.000000,C-06,0,0,0,1,1,0,0.015838,-0.219971,0.7708,0.6612,0.2633,2,ok
0,147,17.600000,2.741005,-1.627444,0.219565,0.013178,0.002787,5.586585,0.197466,0.499356,0.499356,0.000000,0.904749,0.904749,0.000000,,0,0,0,1,1,0,0.014317,-0.176988,0.7292,0.6350,0.2618,2,ok
0,148,17.720000,2.766062,-1.623183,0.271283,0.012111,0.054505,5.611979,0.215368,0.734588,0.734588,0.000000,1.000000,1.000000,0.000000,C-06,0,0,0,1,1,0,0.014583,-0.250199,0.7500,0.6366,0.2646,2,ok
0,149,17.820000,2.787291,-1.617557,0.253556,0.012331,-0.006271,5.634593,0.220649,-0.409227,-0.409227,0.000000,1.000000,1.000000,0.000000,C-06,0,0,0,1,1,0,0.019098,-0.129469,0.7500,0.5778,0.2626,2,ok
0,150,17.920000,2.808679,-1.611757,0.216961,0.012358,-0.042866,5.656753,0.222435,-0.625811,-0.625811,0.000000,1.000000,1.000000,0.000000,C-06,0,0,0,1,1,0,0.016206,-0.152377,0.7292,0.5843,0.2656,2,ok
0,151,18.040000,2.834385,-1.606005,0.250067,0.010816,-0.051022,5.683560,0.218399,0.576780,0.576780,0.000000,1.000000,1.000000,0.000000,C-06,0,0,0,1,1,0,0.010618,-0.289346,0.7292,0.5903,0.2696,2,ok
0,152,18.140000,2.854062,-1.601321,0.291470,0.009315,-0.009618,5.703730,0.198595,0.728471,0.728471,0.000000,0.915253,0.915253,0.000000,C-06,0,0,0,1,1,0,0.009466,-0.289436,0.7500,0.5705,0.2658,2,ok
0,153,18.260000,2.878706,-1.595347,0.344704,0.007538,0.043616,5.729026,0.214451,0.771342,0.771342,0.000000,1.000000,1.000000,0.000000,,0,0,0,1,1,0,0.010366,-0.135674,0.6667,0.5755,0.2689,2,ok
0,154,18.380000,2.903731,-1.586900,0.289380,0.007064,-0.052092,5.755705,0.222582,-1.000000,-1.000000,0.000000,1.000000,1.000000,0.000000,C-06,0,0,0,1,1,0,0.014784,-0.029925,0.7292,0.5235,0.2681,2,ok
0,155,18.480000,2.924989,-1.579709,0.229546,0.006666,-0.111926,5.778142,0.225814,-1.000000,-1.000000,0.000000,1.000000,1.000000,0.000000,,0,0,0,1,1,0,0.014784,-0.029925,0.7292,0.5235,0.2681,2,ok
0,156,18.600000,2.950695,-1.573495,0.235292,0.003111,-0.142217,5.804562,0.219804,0.157902,0.157902,0.000000,1.000000,1.000000,0.000000,C-06,0,0,0,1,1,0,-0.002910,-0.269359,0.7083,0.6077,0.2699,2,ok
0,157,18.720000,2.974863,-1.567480,0.260315,-0.000255,-0.117194,5.829239,0.205227,0.374132,0.374132,0.000000,0.935845,0.935845,0.000000,C-06,0,0,0,1,1,0,-0.009050,-0.271129,0.6250,0.6100,0.2700,2,ok
0,158,18.820000,2.995011,-1.562464,0.278804,-0.003447,-0.132499,5.849704,0.207549,0.305280,0.305280,0.000000,0.951933,0.951933,0.000000,,0,0,0,1,1,0,-0.012310,-0.320000,0.6250,0.5822,0.2646,2,ok
0,159,18.920000,3.013528,-1.557263,0.283836,-0.006104,-0.127466,5.868753,0.190596,0.062861,0.062861,0.000000,0.867878,0.867878,0.000000,C-06,0,0,0,1,1,0,-0.014840,-0.296638,0.6250,0.5893,0.2673,2,ok
0,160,19.040000,3.036659,-1.550816,0.305858,-0.009469,-0.105445,5.892132,0.201579,0.339379,0.339379,0.000000,0.925618,0.925618,0.000000,C-06,0,0,0,1,1,0,-0.022500,-0.267637,0.6458,0.6597,0.2734,2,ok
0,161,19.140000,3.055941,-1.545429,0.332607,-0.012890,-0.111445,5.911959,0.199428,0.477101,0.477101,0.000000,0.922613,0.922613,0.000000,,0,0,0,1,1,0,-0.003202,-0.261080,0.6250,0.2727,0.2340,2,ok
0,162,19.260000,3.080208,-1.537828,0.360119,-0.016445,-0.083933,5.937139,0.214556,0.398860,0.398860,0.000000,0.989232,0.989232,0.000000,,0,0,0,1,1,0,-0.026760,-0.246021,0.6250,0.6567,0.2740,2,ok
0,163,19.380000,3.104364,-1.529292,0.381381,-0.019642,-0.094667,5.961978,0.213417,0.311168,0.311168,0.000000,0.981131,0.981131,0.000000,,0,0,0,1,1,0,-0.028792,-0.222767,0.6667,0.6754,0.2699,2,ok
0,164,19.480000,3.124544,-1.521605,0.396533,-0.022078,-0.079516,5.983434,0.216253,0.270809,0.270809,0.000000,0.992590,0.992590,0.000000,,0,0,0,1,1,0,-0.029305,-0.290466,0.6875,0.6272,0.2663,2,ok
0,165,19.600000,3.148764,-1.511962,0.419398,-0.024906,-0.087743,6.008618,0.217285,0.355479,0.355479,0.000000,1.000000,1.000000,0.000000,,0,0,0,1,1,0,-0.026595,-0.211765,0.6875,0.5191,0.2599,2,ok
0,166,19.720000,3.172664,-1.501809,0.444721,-0.027652,-0.062420,6.034439,0.216328,0.395563,0.395563,0.000000,0.996615,0.996615,0.000000,,0,0,0,1,1,0,-0.016540,-0.285779,0.6458,0.2696,0.2361,2,ok
0,167,19.820000,3.191675,-1.493059,0.467075,-0.029247,-0.040066,6.053868,0.207860,0.427900,0.427900,0.000000,0.958662,0.958662,0.000000,,0,0,0,1,1,0,-0.020214,-0.231130,0.6042,0.2904,0.2376,2,ok
0,168,19.920000,3.210916,-1.483718,0.487557,-0.031147,-0.050595,6.075682,0.214876,0.389349,0.389349,0.000000,0.988814,0.988814,0.000000,,0,0,0,1,1,0,-0.031993,-0.209936,0.6250,0.5402,0.2646,2,ok
0,169,20.040000,3.233716,-1.471964,0.515418,-0.032774,-0.022734,6.101282,0.213703,0.456719,0.456719,0.000000,0.984477,0.984477,0.000000,,0,0,0,1,1,0,-0.031937,-0.220148,0.6042,0.5206,0.2657,2,ok
0,170,20.140000,3.251792,-1.461859,0.538095,-0.033784,-0.030152,6.121027,0.205631,0.450188,0.450188,0.000000,0.946583,0.946583,0.000000,,0,0,0,1,1,0,-0.016515,-0.126859,0.5625,0.2696,0.2307,2,ok
0,171,20.260000,3.270091,-1.450956,0.552642,-0.034434,-0.015605,6.142319,0.174550,0.230597,0.230597,0.000000,0.798576,0.798576,0.000000,C-06,0,0,0,0,0,0,0.000000,0.000000,0.0000,0.0000,0.0000,0,no_line_features
0,172,20.380000,3.287873,-1.440096,0.567286,-0.034843,-0.000961,6.161332,0.173570,0.247897,0.247897,0.000000,0.794675,0.794675,0.000000,,0,0,0,0,0,0,0.000000,0.000000,0.0000,0.0000,0.0000,0,no_line_features
0,173,20.480000,3.301911,-1.431075,0.577928,-0.035344,-0.019952,6.178750,0.165965,0.215802,0.215802,0.000000,0.756104,0.756104,0.000000,,0,0,0,0,0,0,0.000000,0.000000,0.0000,0.0000,0.0000,0,no_line_features
0,174,20.600000,3.319241,-1.419793,0.584164,-0.035794,-0.013716,6.199425,0.173147,0.099723,0.099723,0.000000,0.789113,0.789113,0.000000,C-05,1,0,0,0,0,1,0.000000,0.000000,0.0000,0.0000,0.0000,0,no_line_features
0,175,20.720000,3.336587,-1.408350,0.589979,-0.036251,-0.036945,6.219168,0.173174,0.099839,0.099839,0.000000,0.789153,0.789153,0.000000,C-05,1,0,0,0,0,1,0.000000,0.000000,0.0000,0.0000,0.0000,0,no_line_features
0,176,20.820000,3.350990,-1.398734,0.594797,-0.036922,-0.032126,6.236473,0.173190,0.099638,0.099638,0.000000,0.789152,0.789152,0.000000,C-05,1,0,0,0,0,1,0.000000,0.000000,0.0000,0.0000,0.0000,0,no_line_features
0,177,20.920000,3.365346,-1.389047,0.599611,-0.037507,-0.027313,6.253782,0.173193,0.099896,0.099896,0.000000,0.789100,0.789100,0.000000,C-05,1,0,0,0,0,1,0.000000,0.000000,0.0000,0.0000,0.0000,0,no_line_features
0,178,21.040000,3.382511,-1.377325,0.605373,-0.038250,-0.050551,6.273476,0.173224,0.099986,0.099986,0.000000,0.789154,0.789154,0.000000,C-05,1,0,0,0,0,1,0.000000,0.000000,0.0000,0.0000,0.0000,0,no_line_features
0,179,21.140000,3.396763,-1.367479,0.610162,-0.039137,-0.045762,6.290775,0.173227,0.100096,0.100096,0.000000,0.789096,0.789096,0.000000,C-05,1,0,0,0,0,1,0.000000,0.000000,0.0000,0.0000,0.0000,0,no_line_features
0,180,21.260000,3.413803,-1.355569,0.615881,-0.040089,-0.040042,6.311543,0.173261,0.099970,0.099970,0.000000,0.789160,0.789160,0.000000,C-05,1,0,0,0,0,1,0.000000,0.000000,0.0000,0.0000,0.0000,0,no_line_features
0,181,21.380000,3.430774,-1.343558,0.621580,-0.041193,-0.062965,6.331133,0.173271,0.100021,0.100021,0.000000,0.789111,0.789111,0.000000,C-05,1,0,0,0,0,1,0.000000,0.000000,0.0000,0.0000,0.0000,0,no_line_features
0,182,21.480000,3.444862,-1.333472,0.626319,-0.042291,-0.058226,6.348424,0.173271,0.100172,0.100172,0.000000,0.789039,0.789039,0.000000,C-05,1,0,0,0,0,1,0.000000,0.000000,0.0000,0.0000,0.0000,0,no_line_features
0,183,21.600000,3.461705,-1.321276,0.631983,-0.043495,-0.052562,6.369184,0.173299,0.100120,0.100120,0.000000,0.789067,0.789067,0.000000,C-05,1,0,0,0,0,1,0.000000,0.000000,0.0000,0.0000,0.0000,0,no_line_features
0,184,21.720000,3.478478,-1.308982,0.637626,-0.044965,-0.076403,6.388690,0.173310,0.100163,0.100163,0.000000,0.789024,0.789024,0.000000,C-05,1,0,0,0,0,1,0.000000,0.000000,0.0000,0.0000,0.0000,0,no_line_features
0,185,21.820000,3.492401,-1.298661,0.642319,-0.046263,-0.071710,6.405973,0.173325,0.100323,0.100323,0.000000,0.789013,0.789013,0.000000,C-05,1,0,0,0,0,1,0.000000,0.000000,0.0000,0.0000,0.0000,0,no_line_features
0,186,21.920000,3.506275,-1.288272,0.647006,-0.047478,-0.067023,6.423262,0.173328,0.100535,0.100535,0.000000,0.788947,0.788947,0.000000,C-05,1,0,0,0,0,1,0.000000,0.000000,0.0000,0.0000,0.0000,0,no_line_features
0,187,22.040000,3.522858,-1.275717,0.652613,-0.049232,-0.089980,6.442593,0.173342,0.100583,0.100583,0.000000,0.788906,0.788906,0.000000,C-05,1,0,0,0,0,1,0.000000,0.000000,0.0000,0.0000,0.0000,0,no_line_features
0,188,22.140000,3.536622,-1.265180,0.657273,-0.050765,-0.085320,6.459859,0.173351,0.100694,0.100694,0.000000,0.788862,0.788862,0.000000,C-05,1,0,0,0,0,1,0.000000,0.000000,0.0000,0.0000,0.0000,0,no_line_features
0,189,22.260000,3.553074,-1.252447,0.662841,-0.052496,-0.079752,6.480591,0.173379,0.100611,0.100611,0.000000,0.788888,0.788888,0.000000,C-05,1,0,0,0,0,1,0.000000,0.000000,0.0000,0.0000,0.0000,0,no_line_features
0,190,22.380000,3.569455,-1.239618,0.668385,-0.054681,-0.103020,6.499545,0.173400,0.100595,0.100595,0.000000,0.788878,0.788878,0.000000,C-05,1,0,0,0,0,1,0.000000,0.000000,0.0000,0.0000,0.0000,0,no_line_features
0,191,22.480000,3.583050,-1.228856,0.672995,-0.056502,-0.098410,6.516788,0.173392,0.100747,0.100747,0.000000,0.788754,0.788754,0.000000,C-05,1,0,0,0,0,1,0.000000,0.000000,0.0000,0.0000,0.0000,0,no_line_features
0,192,22.600000,3.599296,-1.215855,0.678513,-0.058579,-0.092892,6.536633,0.173408,0.100856,0.100856,0.000000,0.788718,0.788718,0.000000,C-05,1,0,0,0,0,1,0.000000,0.000000,0.0000,0.0000,0.0000,0,no_line_features
0,193,22.720000,3.615471,-1.202760,0.684002,-0.061034,-0.117422,6.556765,0.173439,0.100733,0.100733,0.000000,0.788750,0.788750,0.000000,C-05,1,0,0,0,0,1,0.000000,0.000000,0.0000,0.0000,0.0000,0,no_line_features
0,194,22.820000,3.628895,-1.191777,0.688559,-0.062988,-0.112865,6.573999,0.173455,0.100722,0.100722,0.000000,0.788732,0.788732,0.000000,C-05,1,0,0,0,0,1,0.000000,0.000000,0.0000,0.0000,0.0000,0,no_line_features
0,195,22.920000,3.642270,-1.180729,0.693100,-0.064862,-0.108325,6.590094,0.173488,0.100695,0.100695,0.000000,0.788785,0.788785,0.000000,C-05,1,0,0,0,0,1,0.000000,0.000000,0.0000,0.0000,0.0000,0,no_line_features
0,196,23.040000,3.658254,-1.167386,0.698519,-0.067631,-0.132338,6.609929,0.173521,0.100518,0.100518,0.000000,0.788826,0.788826,0.000000,C-05,1,0,0,0,0,1,0.000000,0.000000,0.0000,0.0000,0.0000,0,no_line_features
0,197,23.140000,3.671517,-1.156199,0.703023,-0.069847,-0.127835,6.627139,0.173521,0.100613,0.100613,0.000000,0.788732,0.788732,0.000000,C-05,1,0,0,0,0,1,0.000000,0.000000,0.0000,0.0000,0.0000,0,no_line_features
0,198,23.260000,3.687369,-1.142694,0.708448,-0.072404,-0.122409,6.643956,0.173555,0.100874,0.100874,0.000000,0.788734,0.788734,0.000000,C-05,1,0,0,0,0,1,0.000000,0.000000,0.0000,0.0000,0.0000,0,no_line_features
0,199,23.380000,3.703152,-1.129104,0.713908,-0.075649,-0.147143,6.665912,0.173581,0.100945,0.100945,0.000000,0.788693,0.788693,0.000000,C-05,1,0,0,0,0,1,0.000000,0.000000,0.0000,0.0000,0.0000,0,no_line_features
0,200,23.480000,3.716252,-1.117713,0.718480,-0.078196,-0.142571,6.683084,0.173607,0.100908,0.100908,0.000000,0.788681,0.788681,0.000000,C-05,1,0,0,0,0,1,0.000000,0.000000,0.0000,0.0000,0.0000,0,no_line_features
0,201,23.600000,3.731908,-1.103964,0.724001,-0.081279,-0.168552,6.701586,0.173646,0.101018,0.101018,0.000000,0.788698,0.788698,0.000000,C-05,1,0,0,0,0,1,0.000000,0.000000,0.0000,0.0000,0.0000,0,no_line_features
0,202,23.720000,3.747494,-1.090128,0.729558,-0.084664,-0.162995,6.722151,0.173697,0.101120,0.101120,0.000000,0.788775,0.788775,0.000000,C-05,1,0,0,0,0,1,0.000000,0.000000,0.0000,0.0000,0.0000,0,no_line_features
0,203,23.820000,3.760428,-1.078531,0.734208,-0.087400,-0.158346,6.739306,0.173733,0.100976,0.100976,0.000000,0.788809,0.788809,0.000000,C-05,1,0,0,0,0,1,0.000000,0.000000,0.0000,0.0000,0.0000,0,no_line_features
0,204,23.920000,3.773314,-1.066874,0.738866,-0.090060,-0.153687,6.751746,0.173777,0.100711,0.100711,0.000000,0.788886,0.788886,0.000000,C-05,1,0,0,0,0,1,0.000000,0.000000,0.0000,0.0000,0.0000,0,no_line_features
0,205,24.040000,3.788708,-1.052807,0.744496,-0.094018,-0.180395,6.773665,0.173784,0.100920,0.100920,0.000000,0.788782,0.788782,0.000000,C-05,1,0,0,0,0,1,0.000000,0.000000,0.0000,0.0000,0.0000,0,no_line_features
0,206,24.140000,3.801474,-1.041019,0.749216,-0.097133,-0.175674,6.790759,0.173744,0.101017,0.101017,0.000000,0.788735,0.788735,0.000000,C-05,1,0,0,0,0,1,0.000000,0.000000,0.0000,0.0000,0.0000,0,no_line_features
0,207,24.260000,3.816713,-1.026795,0.754909,-0.100760,-0.169981,6.805807,0.173702,0.101007,0.101007,0.000000,0.788708,0.788708,0.000000,C-05,1,0,0,0,0,1,0.000000,0.000000,0.0000,0.0000,0.0000,0,no_line_features
0,208,24.380000,3.831866,-1.012484,0.760628,-0.105006,-0.197742,6.828661,0.173675,0.100894,0.100894,0.000000,0.788746,0.788746,0.000000,C-05,1,0,0,0,0,1,0.000000,0.000000,0.0000,0.0000,0.0000,0,no_line_features
0,209,24.480000,3.844426,-1.000492,0.765417,-0.108352,-0.192954,6.845701,0.173642,0.100871,0.100871,0.000000,0.788730,0.788730,0.000000,C-05,1,0,0,0,0,1,0.000000,0.000000,0.0000,0.0000,0.0000,0,no_line_features
0,210,24.600000,3.859417,-0.986022,0.771197,-0.112254,-0.187173,6.859909,0.173609,0.100961,0.100961,0.000000,0.788741,0.788741,0.000000,C-05,1,0,0,0,0,1,0.000000,0.000000,0.0000,0.0000,0.0000,0,no_line_features
0,211,24.720000,3.874317,-0.971467,0.777017,-0.116882,-0.219166,6.882657,0.173564,0.101077,0.101077,0.000000,0.788693,0.788693,0.000000,C-05,1,0,0,0,0,1,0.000000,0.000000,0.0000,0.0000,0.0000,0,no_line_features
0,212,24.820000,3.886664,-0.959271,0.781891,-0.120520,-0.214292,6.899627,0.173542,0.101072,0.101072,0.000000,0.788725,0.788725,0.000000,C-05,1,0,0,0,0,1,0.000000,0.000000,0.0000,0.0000,0.0000,0,no_line_features
0,213,24.920000,3.898948,-0.947015,0.786790,-0.124072,-0.209392,6.914438,0.173505,0.101159,0.101159,0.000000,0.788689,0.788689,0.000000,C-05,1,0,0,0,0,1,0.000000,0.000000,0.0000,0.0000,0.0000,0,no_line_features
0,214,25.040000,3.913607,-0.932234,0.792666,-0.129024,-0.242697,6.931871,0.173465,0.101376,0.101376,0.000000,0.788663,0.788663,0.000000,C-05,1,0,0,0,0,1,0.000000,0.000000,0.0000,0.0000,0.0000,0,no_line_features
0,215,25.140000,3.925757,-0.919854,0.797535,-0.133074,-0.237828,6.948737,0.173442,0.101313,0.101313,0.000000,0.788691,0.788691,0.000000,C-05,1,0,0,0,0,1,0.000000,0.000000,0.0000,0.0000,0.0000,0,no_line_features
0,216,25.260000,3.940255,-0.904928,0.803351,-0.137827,-0.232012,6.968996,0.173390,0.101374,0.101374,0.000000,0.788618,0.788618,0.000000,C-05,1,0,0,0,0,1,0.000000,0.000000,0.0000,0.0000,0.0000,0,no_line_features
