episode,step,sim_time_s,x,y,yaw,ey,epsi,s,speed,raw_steer,safe_steer,steer_correction,raw_throttle,safe_throttle,throttle_correction,interventions,emergency,joint_envelope_violated,oscillation_persistent,cv_ok,cv_state_available,cv_perception_invalid,cv_ey,cv_epsi,cv_confidence,cv_curvature,cv_lane_width,cv_n_lines,cv_reason
0,1,1.020000,-0.836156,-1.612217,0.027866,0.010283,0.027866,2.002780,0.051661,0.092781,0.092781,0.000000,0.733386,0.733386,0.000000,,0,0,0,1,1,0,0.021342,0.040351,0.7500,0.0090,0.2684,3,ok
0,2,1.120000,-0.828076,-1.612038,0.029122,0.010462,0.029122,2.010859,0.104661,0.012461,0.012461,0.000000,0.762957,0.762957,0.000000,,0,0,0,1,1,0,0.021909,0.048176,0.7500,0.0075,0.2673,3,ok
0,3,1.240000,-0.811390,-1.611661,0.033432,0.010839,0.033432,2.027545,0.168220,0.054392,0.054392,0.000000,0.807062,0.807062,0.000000,,0,0,0,1,1,0,0.022307,0.050402,0.7500,0.0052,0.2664,3,ok
0,4,1.340000,-0.793067,-1.611279,0.048706,0.011221,0.048706,2.045869,0.185356,0.236450,0.236450,0.000000,0.843311,0.843311,0.000000,C-06,0,0,0,1,1,0,0.023573,0.045064,0.7083,-0.0006,0.2654,3,ok
0,5,1.460000,-0.769643,-1.610238,0.035028,0.012262,0.035028,2.069293,0.197371,-0.199569,-0.199569,0.000000,0.896788,0.896788,0.000000,C-06,0,0,0,1,1,0,0.024891,0.067152,0.7083,0.0035,0.2649,3,ok
0,6,1.560000,-0.749840,-1.609547,0.047444,0.012953,0.047444,2.089095,0.198246,0.220090,0.220090,0.000000,0.901576,0.901576,0.000000,C-06,0,0,0,1,1,0,0.024724,0.060869,0.6042,0.0060,0.2627,3,ok
0,7,1.660000,-0.730672,-1.608882,0.061403,0.013618,0.061403,2.108263,0.191171,0.204252,0.204252,0.000000,0.870033,0.870033,0.000000,,0,0,0,1,1,0,0.026357,0.079745,0.6042,0.0114,0.2646,3,ok
0,8,1.780000,-0.707772,-1.608085,0.097339,0.014415,0.097339,2.131163,0.190681,0.467847,0.467847,0.000000,0.870183,0.870183,0.000000,C-06,0,0,0,1,1,0,0.027770,0.092221,0.6042,0.0026,0.2603,3,ok
0,9,1.900000,-0.684206,-1.606098,0.105823,0.016402,0.105823,2.154730,0.197931,0.079274,0.079274,0.000000,0.901010,0.901010,0.000000,C-06,0,0,0,1,1,0,0.031649,0.135331,0.6042,0.0027,0.2607,3,ok
0,10,2.000000,-0.665552,-1.604116,0.088609,0.018384,0.088609,2.173384,0.185489,-0.309915,-0.309915,0.000000,0.841623,0.841623,0.000000,C-06,0,0,0,1,0,0,-0.244517,0.184724,0.6875,0.0921,0.2934,2,ok
0,11,2.100000,-0.647001,-1.602121,0.042584,0.020379,0.042584,2.191935,0.187118,-0.760543,-0.760543,0.000000,0.846565,0.846565,0.000000,C-06;C-05,1,0,0,1,0,1,-0.238839,0.177672,0.6875,0.0758,0.2848,2,ok
0,12,2.200000,-0.633395,-1.600405,-0.001869,0.022095,-0.001869,2.205541,0.126306,-0.695550,-0.695550,0.000000,0.569091,0.569091,0.000000,C-06;C-05,1,0,0,1,0,1,-0.235749,0.123023,0.6250,0.0551,0.2778,2,ok
0,13,2.320000,-0.615138,-1.599835,-0.017064,0.022665,-0.017064,2.223797,0.181105,-0.128513,-0.128513,0.000000,0.845940,0.845940,0.000000,C-06;C-05,1,0,0,1,0,1,-0.245618,0.057358,0.6042,0.0865,0.2900,2,ok
0,14,2.420000,-0.601682,-1.599997,-0.036030,0.022503,-0.036030,2.235335,0.124263,-0.357813,-0.357813,0.000000,0.565102,0.565102,0.000000,C-06;C-05,1,0,0,1,0,1,-0.261621,-0.014790,0.6042,0.1261,0.3187,2,ok
0,15,2.520000,-0.588154,-1.600212,-0.051881,0.022288,-0.051881,2.250782,0.137961,-0.220815,-0.220815,0.000000,0.627834,0.627834,0.000000,C-05,1,0,0,1,0,1,-0.251736,-0.036706,0.5833,0.0793,0.2935,2,ok
0,16,2.620000,-0.573987,-1.600438,-0.098284,0.022062,-0.098284,2.264948,0.142763,-0.779356,-0.779356,0.000000,0.651809,0.651809,0.000000,C-06;C-05,1,0,0,1,0,1,-0.252239,-0.061224,0.5417,0.0820,0.2884,2,ok
0,17,2.720000,-0.557499,-1.600699,-0.147263,0.021801,-0.147263,2.281437,0.184618,-0.748330,-0.748330,0.000000,0.847919,0.847919,0.000000,C-06;C-05,1,0,0,1,0,1,-0.269451,-0.113723,0.4792,0.1368,0.3071,2,ok
0,18,2.820000,-0.537497,-1.603265,-0.147332,0.019235,-0.147332,2.301438,0.208404,0.080500,0.080500,0.000000,0.948807,0.948807,0.000000,C-06;C-05,1,0,0,1,0,1,-0.291949,-0.192332,0.5625,0.1825,0.3376,2,ok
0,19,2.940000,-0.514541,-1.606646,-0.138166,0.015854,-0.138166,2.324394,0.192304,0.125786,0.125786,0.000000,0.873060,0.873060,0.000000,C-01;C-05,1,1,0,1,1,0,-0.282888,-0.218482,0.5625,0.1388,0.3148,2,ok
0,20,3.040000,-0.495644,-1.609309,-0.145587,0.013191,-0.145587,2.343292,0.190607,-0.130761,-0.130761,0.000000,0.867062,0.867062,0.000000,C-06;C-01;C-05,1,1,0,1,1,0,-0.292802,-0.201584,0.5833,0.1642,0.3293,2,ok
0,21,3.140000,-0.476709,-1.611965,-0.173196,0.010535,-0.173196,2.362226,0.190992,-0.474364,-0.474364,0.000000,0.872511,0.872511,0.000000,C-06;C-01;C-05,1,1,0,1,1,0,-0.283962,-0.204989,0.6042,0.1217,0.3054,2,ok
0,22,3.240000,-0.456891,-1.614637,-0.202728,0.007863,-0.202728,2.382045,0.201538,-0.471577,-0.471577,0.000000,0.926654,0.926654,0.000000,C-01;C-05,1,1,0,1,1,0,-0.277590,-0.234874,0.5417,0.0826,0.2815,2,ok
0,23,3.360000,-0.432392,-1.619409,-0.168604,0.003091,-0.168604,2.406544,0.209672,0.538639,0.538639,0.000000,0.948762,0.948762,0.000000,C-06;C-01;C-05,1,1,0,1,0,0,0.011815,-0.333731,0.4167,-0.0166,0.3025,2,single_line
0,24,3.460000,-0.411979,-1.623375,-0.155268,-0.000875,-0.155268,2.426956,0.207800,0.186795,0.186795,0.000000,0.939484,0.939484,0.000000,C-06;C-01;C-05,1,1,0,1,0,1,0.007964,-0.297054,0.3958,-0.0099,0.3025,2,single_line
0,25,3.560000,-0.391463,-1.626661,-0.173545,-0.004161,-0.173545,2.447473,0.207627,-0.334031,-0.334031,0.000000,0.946168,0.946168,0.000000,C-06;C-01;C-05,1,1,0,1,0,1,0.008170,-0.280101,0.3333,-0.0081,0.3025,2,single_line
0,26,3.660000,-0.371648,-1.629898,-0.187361,-0.007398,-0.187361,2.467288,0.200120,-0.212001,-0.212001,0.000000,0.913525,0.913525,0.000000,C-01;C-05,1,1,0,1,0,1,-0.001423,-0.273923,0.3542,0.0284,0.3025,2,single_line
0,27,3.780000,-0.349727,-1.633754,-0.213356,-0.011254,-0.213356,2.489209,0.183100,-0.373427,-0.373427,0.000000,0.838151,0.838151,0.000000,C-06;C-01;C-05,1,1,0,1,0,1,-0.329946,-0.263388,0.5417,0.1968,0.3399,2,ok
0,28,3.900000,-0.328053,-1.637611,-0.258054,-0.015111,-0.258054,2.510882,0.182679,-0.631506,-0.631506,0.000000,0.844938,0.844938,0.000000,C-06;C-01;C-05,1,1,0,1,0,1,-0.007509,-0.345120,0.3542,0.0107,0.3100,2,single_line
0,29,4.000000,-0.309322,-1.642169,-0.221954,-0.019669,-0.221954,2.529613,0.196682,0.774973,0.774973,0.000000,0.890576,0.890576,0.000000,C-06;C-01;C-05,1,1,0,1,0,1,-0.008638,-0.456216,0.2917,-0.0799,0.3100,2,single_line
0,30,4.120000,-0.286412,-1.647800,-0.167626,-0.025300,-0.167626,2.552523,0.197395,0.723444,0.723444,0.000000,0.884297,0.884297,0.000000,C-02;C-01;C-05,1,1,0,1,1,0,-0.017123,-0.442008,0.2500,-0.0480,0.3100,2,single_line
0,31,4.240000,-0.264477,-1.651588,-0.164868,-0.029088,-0.164868,2.574459,0.184488,-0.014382,-0.014382,0.000000,0.838517,0.838517,0.000000,C-06;C-02;C-05,1,0,0,1,1,0,-0.018709,-0.292593,0.2708,0.0120,0.3100,2,single_line
0,32,4.360000,-0.242044,-1.655224,-0.149324,-0.032724,-0.149324,2.596892,0.190246,0.222160,0.222160,0.000000,0.863426,0.863426,0.000000,C-06;C-05,1,0,0,1,0,0,-0.337440,-0.228745,0.4583,0.1643,0.3266,2,ok
0,33,4.480000,-0.218248,-1.658645,-0.156415,-0.036145,-0.156415,2.620687,0.202046,-0.112065,-0.112065,0.000000,0.920437,0.920437,0.000000,C-06;C-05,1,0,0,1,0,1,-0.346380,-0.204114,0.4375,0.1682,0.3397,2,ok
0,34,4.600000,-0.194158,-1.662058,-0.169072,-0.039558,-0.169072,2.644777,0.202628,-0.169463,-0.169463,0.000000,0.925016,0.925016,0.000000,C-05,1,0,0,1,0,1,-0.347244,-0.187301,0.4583,0.1828,0.3251,2,ok
0,35,4.700000,-0.174295,-1.665360,-0.147949,-0.042860,-0.147949,2.664641,0.201274,0.389660,0.389660,0.000000,0.912351,0.912351,0.000000,C-06;C-05,1,0,0,1,1,0,-0.024253,-0.282164,0.3125,0.0080,0.3199,2,single_line
0,36,4.820000,-0.150348,-1.669367,-0.116833,-0.046867,-0.116833,2.685835,0.202739,0.400617,0.400617,0.000000,0.915353,0.915353,0.000000,C-05,1,0,0,1,1,0,-0.026695,-0.278239,0.3333,0.0075,0.3199,2,single_line
0,37,4.940000,-0.127725,-1.672446,-0.106545,-0.049946,-0.106545,2.711210,0.189497,0.114830,0.114830,0.000000,0.859042,0.859042,0.000000,C-06;C-05,1,0,0,1,0,0,-0.359047,-0.168167,0.4583,0.1808,0.3424,2,ok
0,38,5.060000,-0.106499,-1.674988,-0.096725,-0.052488,-0.096725,2.732436,0.177474,0.126136,0.126136,0.000000,0.804823,0.804823,0.000000,C-05,1,0,0,1,0,1,-0.359047,-0.168167,0.4583,0.1808,0.3424,2,ok
0,39,5.160000,-0.089506,-1.677100,-0.080561,-0.054600,-0.080561,2.749430,0.170525,0.256841,0.256841,0.000000,0.771705,0.771705,0.000000,C-05,1,0,0,1,1,0,-0.026362,-0.166019,0.3333,0.0151,0.3280,2,single_line
0,40,5.280000,-0.067916,-1.678819,-0.100415,-0.056319,-0.100415,2.771020,0.182679,-0.295785,-0.295785,0.000000,0.832059,0.832059,0.000000,C-06;C-05,1,0,0,1,1,0,-0.028039,-0.131067,0.3125,0.0252,0.3280,2,single_line
0,41,5.400000,-0.053888,-1.680116,-0.065239,-0.057616,-0.065239,2.785048,0.103391,0.615811,0.615811,0.000000,0.468647,0.468647,0.000000,C-06;C-05,1,0,0,1,1,0,-0.028953,-0.168017,0.2917,0.0053,0.3280,2,single_line
0,42,5.520000,-0.038187,-1.681313,-0.045944,-0.058813,-0.045944,2.800749,0.160187,0.206938,0.206938,0.000000,0.806768,0.806768,0.000000,C-06;C-05,1,0,0,1,1,0,-0.028623,-0.157626,0.2917,0.0014,0.3280,2,single_line
0,43,5.620000,-0.019696,-1.682107,-0.074251,-0.059607,-0.074251,2.819240,0.197936,-0.522850,-0.522850,0.000000,0.901334,0.901334,0.000000,C-06;C-05,1,0,0,1,1,0,-0.025811,-0.107019,0.3125,0.0062,0.3280,2,single_line
0,44,5.740000,0.001340,-1.683086,-0.089368,-0.060586,-0.089368,2.840275,0.173679,-0.165315,-0.165315,0.000000,0.791483,0.791483,0.000000,C-06;C-05,1,0,0,1,1,0,-0.029963,-0.121223,0.2708,0.0072,0.3280,2,single_line
0,45,5.860000,0.008313,-1.683534,-0.053161,-0.061034,-0.053161,2.847249,0.030215,0.702222,0.702222,0.000000,0.137009,0.137009,0.000000,C-06;C-05,1,0,0,1,1,0,-0.032841,-0.149971,0.2917,0.0110,0.3280,2,single_line
0,46,5.980000,0.015269,-1.683785,-0.082828,-0.061285,-0.082828,2.854204,0.087921,-0.477641,-0.477641,0.000000,0.891225,0.891225,0.000000,C-06;C-05,1,0,0,1,1,0,-0.030027,-0.105583,0.3125,0.0116,0.3280,2,single_line
0,47,6.100000,0.029647,-1.684631,-0.060712,-0.062131,-0.060712,2.868583,0.138193,0.329169,0.329169,0.000000,0.628536,0.628536,0.000000,C-06;C-05,1,0,0,1,1,0,-0.032292,-0.129715,0.3125,0.0130,0.3280,2,single_line
0,48,6.200000,0.045458,-1.685306,-0.046047,-0.062806,-0.046047,2.884393,0.170574,0.204621,0.204621,0.000000,0.775609,0.775609,0.000000,C-06;C-05,1,0,0,1,1,0,-0.033688,-0.114014,0.3333,0.0345,0.3280,2,single_line
0,49,6.320000,0.067829,-1.686251,-0.077004,-0.063751,-0.077004,2.906764,0.192360,-0.460951,-0.460951,0.000000,0.876085,0.876085,0.000000,C-06;C-05,1,0,0,1,1,0,-0.030299,-0.099810,0.3542,0.0110,0.3280,2,single_line
0,50,6.440000,0.076292,-1.686761,-0.050808,-0.064261,-0.050808,2.915228,0.040249,0.549934,0.549934,0.000000,0.182639,0.182639,0.000000,C-06;C-05,1,0,0,1,1,0,-0.031557,-0.145147,0.3542,-0.0136,0.3280,2,single_line
0,51,6.560000,0.084522,-1.687089,-0.019452,-0.064589,-0.019452,2.923457,0.097691,0.366628,0.366628,0.000000,0.625366,0.625366,0.000000,C-06;C-05,1,0,0,1,1,0,-0.031752,-0.133804,0.3125,-0.0076,0.3280,2,single_line
0,52,6.680000,0.100269,-1.687363,-0.050243,-0.064863,-0.050243,2.936135,0.161118,-0.459707,-0.459707,0.000000,0.893407,0.893407,0.000000,C-06;C-05,1,0,0,1,0,0,-0.342662,-0.026107,0.4792,0.0953,0.3046,2,ok
0,53,6.780000,0.116992,-1.688143,-0.044617,-0.065643,-0.044617,2.955928,0.167558,0.137568,0.137568,0.000000,0.761469,0.761469,0.000000,C-06;C-05,1,0,0,1,0,1,-0.335475,-0.054788,0.4792,0.0714,0.2848,2,ok
0,54,6.900000,0.125030,-1.688214,-0.011402,-0.065714,-0.011402,2.963966,0.043946,0.571246,0.571246,0.000000,0.199749,0.199749,0.000000,C-06;C-05,1,0,0,1,1,0,-0.041226,-0.071434,0.3333,0.0306,0.3156,2,single_line
0,55,7.020000,0.133657,-1.688084,-0.001659,-0.065584,-0.001659,2.972592,0.100931,0.080249,0.080249,0.000000,0.875967,0.875967,0.000000,C-06;C-05,1,0,0,1,0,0,-0.337130,-0.029722,0.5000,0.0814,0.2831,2,ok
0,56,7.120000,0.146650,-1.688122,-0.011341,-0.065622,-0.011341,2.985585,0.153913,-0.157537,-0.157537,0.000000,0.863531,0.863531,0.000000,C-06;C-05,1,0,0,1,0,1,-0.352076,0.016270,0.5208,0.1395,0.3196,2,ok
0,57,7.240000,0.168867,-1.688299,0.001086,-0.065799,0.001086,3.007803,0.200356,0.168866,0.168866,0.000000,0.910692,0.910692,0.000000,C-06;C-05,1,0,0,1,0,1,-0.352961,0.002698,0.4792,0.1406,0.3225,2,ok
0,58,7.360000,0.192958,-1.688453,0.009620,-0.065953,0.009620,3.031894,0.200780,0.096592,0.096592,0.000000,0.912655,0.912655,0.000000,C-05,1,0,0,1,0,1,-0.355408,0.014978,0.4792,0.1515,0.3267,2,ok
0,59,7.480000,0.216675,-1.688243,0.003084,-0.065743,0.003084,3.055611,0.197343,-0.090318,-0.090318,0.000000,0.896978,0.896978,0.000000,C-06;C-05,1,0,0,1,1,0,-0.031681,-0.002895,0.3125,0.0051,0.3161,2,single_line
0,60,7.600000,0.240914,-1.688163,0.009038,-0.065663,0.009038,3.079850,0.202373,0.077378,0.077378,0.000000,0.919907,0.919907,0.000000,C-06;C-05,1,0,0,1,0,0,-0.359867,0.041446,0.4583,0.1691,0.3364,2,ok
0,61,7.700000,0.260989,-1.688103,0.015069,-0.065603,0.015069,3.099925,0.200616,0.086605,0.086605,0.000000,0.911986,0.911986,0.000000,C-05,1,0,0,1,0,1,-0.356678,0.034021,0.4792,0.1629,0.3287,2,ok
0,62,7.820000,0.284823,-1.687809,0.016768,-0.065309,0.016768,3.123759,0.198473,0.014818,0.014818,0.000000,0.902192,0.902192,0.000000,C-05,1,0,0,1,0,1,-0.358293,0.028252,0.5417,0.1590,0.3384,2,ok
0,63,7.940000,0.308945,-1.687484,0.014860,-0.064984,0.014860,3.147880,0.201276,-0.025490,-0.025490,0.000000,0.914910,0.914910,0.000000,C-05,1,0,0,1,0,1,-0.356263,0.035512,0.5625,0.1519,0.3365,2,ok
0,64,8.060000,0.333969,-1.687135,0.017866,-0.064635,0.017866,3.172905,0.209552,0.040031,0.040031,0.000000,0.952564,0.952564,0.000000,C-05,1,0,0,1,0,1,-0.354232,0.030896,0.5208,0.1421,0.3341,2,ok
0,65,8.180000,0.358648,-1.686696,0.011032,-0.064196,0.011032,3.197583,0.205313,-0.091301,-0.091301,0.000000,0.933148,0.933148,0.000000,C-05,1,0,0,1,0,1,-0.356589,0.041401,0.5417,0.1624,0.3374,2,ok
0,66,8.300000,0.383037,-1.686247,0.005387,-0.063747,0.005387,3.221973,0.203157,-0.065296,-0.065296,0.000000,0.923297,0.923297,0.000000,C-05,1,0,0,1,0,1,-0.357767,0.033484,0.5000,0.1606,0.3393,2,ok
0,67,8.420000,0.407524,-1.686097,0.011766,-0.063597,0.011766,3.246459,0.204152,0.087174,0.087174,0.000000,0.928012,0.928012,0.000000,C-06;C-05,1,0,0,1,0,1,-0.357046,0.027964,0.4792,0.1592,0.3366,2,ok
0,68,8.540000,0.431766,-1.685812,0.010460,-0.063312,0.010460,3.270702,0.201907,-0.021138,-0.021138,0.000000,0.917744,0.917744,0.000000,C-05,1,0,0,1,0,1,-0.356345,0.021538,0.4583,0.1560,0.3440,2,ok
0,69,8.640000,0.451342,-1.685607,0.007882,-0.063107,0.007882,3.290278,0.195332,-0.038436,-0.038436,0.000000,0.887855,0.887855,0.000000,C-05,1,0,0,1,0,1,-0.356819,0.033141,0.4375,0.1654,0.3400,2,ok
0,70,8.760000,0.473953,-1.685351,-0.004476,-0.062851,-0.004476,3.312888,0.187797,-0.155891,-0.155891,0.000000,0.853575,0.853575,0.000000,C-05,1,0,0,1,1,0,-0.018112,-0.004956,0.3125,-0.0012,0.3362,2,single_line
0,71,8.880000,0.496060,-1.685132,-0.011456,-0.062632,-0.011456,3.334996,0.184068,-0.079331,-0.079331,0.000000,0.836704,0.836704,0.000000,C-05,1,0,0,1,0,0,-0.350443,0.002678,0.5208,0.1255,0.3273,2,ok
0,72,9.000000,0.518545,-1.685366,-0.005848,-0.062866,-0.005848,3.357481,0.187730,0.076887,0.076887,0.000000,0.853278,0.853278,0.000000,C-06;C-05,1,0,0,1,0,1,-0.356235,-0.013376,0.5000,0.1379,0.3409,2,ok
0,73,9.120000,0.540784,-1.685627,0.002424,-0.063127,0.002424,3.379720,0.185173,0.099054,0.099054,0.000000,0.841639,0.841639,0.000000,C-05,1,0,0,1,1,0,-0.037978,0.024783,0.4375,-0.0151,0.2969,3,ok
0,74,9.220000,0.559345,-1.685590,-0.008416,-0.063090,-0.008416,3.398281,0.185676,-0.176248,-0.176248,0.000000,0.844005,0.844005,0.000000,C-06;C-05,1,0,0,1,1,0,-0.039146,0.045536,0.4167,-0.0049,0.2977,3,ok
0,75,9.340000,0.581450,-1.685779,0.001190,-0.063279,0.001190,3.420385,0.184062,0.132047,0.132047,0.000000,0.836611,0.836611,0.000000,C-06;C-05,1,0,0,1,1,0,-0.038814,0.022223,0.3750,-0.0218,0.2936,3,ok
0,76,9.460000,0.603378,-1.685754,-0.003674,-0.063254,-0.003674,3.442313,0.182623,-0.068416,-0.068416,0.000000,0.830106,0.830106,0.000000,C-06;C-05,1,0,0,1,1,0,-0.038221,0.032212,0.3958,-0.0214,0.2964,3,ok
0,77,9.580000,0.625302,-1.685717,-0.013490,-0.063217,-0.013490,3.464238,0.182703,-0.119374,-0.119374,0.000000,0.830537,0.830537,0.000000,C-05,1,0,0,1,0,0,-0.266548,-0.238317,0.4167,-0.2976,0.1556,3,ok
0,78,9.700000,0.646941,-1.685812,-0.017890,-0.063312,-0.017890,3.485876,0.180170,-0.048145,-0.048145,0.000000,0.819067,0.819067,0.000000,C-05,1,0,0,1,1,0,-0.049281,-0.030077,0.2708,0.0145,0.2810,3,single_line
0,79,9.800000,0.664826,-1.685935,-0.028514,-0.063435,-0.028514,3.503762,0.178684,-0.162215,-0.162215,0.000000,0.812495,0.812495,0.000000,C-05,1,0,0,1,1,0,-0.051448,-0.028317,0.3125,0.0234,0.2810,3,single_line
0,80,9.920000,0.686916,-1.686093,-0.047125,-0.063593,-0.047125,3.525852,0.184665,-0.229128,-0.229128,0.000000,0.840264,0.840264,0.000000,C-05,1,0,0,1,1,0,-0.050406,-0.053852,0.3333,0.0061,0.2810,3,single_line
0,81,10.040000,0.709400,-1.686713,-0.056777,-0.064213,-0.056777,3.548335,0.187657,-0.110495,-0.110495,0.000000,0.853879,0.853879,0.000000,C-02;C-05,1,1,0,1,1,0,0.034395,-0.585073,0.1458,0.0000,0.2810,3,single_line
0,82,10.140000,0.728239,-1.687750,-0.054768,-0.065250,-0.054768,3.567175,0.188778,0.038961,0.038961,0.000000,0.858014,0.858014,0.000000,C-02;C-05,1,0,0,1,1,0,-0.026485,-0.229903,0.4583,-0.2148,0.3282,3,ok
0,83,10.260000,0.749145,-1.689055,-0.026802,-0.066555,-0.026802,3.586935,0.171611,0.393152,0.393152,0.000000,0.778789,0.778789,0.000000,C-06;C-05,1,0,0,1,1,0,-0.018798,-0.224047,0.4583,-0.2911,0.3357,3,ok
0,84,10.380000,0.771887,-1.689698,-0.044434,-0.067198,-0.044434,3.610822,0.196034,-0.268171,-0.268171,0.000000,0.891611,0.891611,0.000000,C-06;C-05,1,0,0,1,1,0,-0.033370,-0.196169,0.4375,-0.2009,0.3098,3,ok
0,85,10.500000,0.794944,-1.690723,-0.031872,-0.068223,-0.031872,3.633879,0.191850,0.186132,0.186132,0.000000,0.871595,0.871595,0.000000,C-06;C-05,1,0,0,1,1,0,-0.041394,-0.215470,0.4583,-0.1798,0.2987,3,ok
0,86,10.620000,0.817471,-1.691783,-0.020900,-0.069283,-0.020900,3.656407,0.187669,0.127465,0.127465,0.000000,0.852291,0.852291,0.000000,C-05,1,0,0,1,1,0,-0.047703,-0.222172,0.4583,-0.1456,0.2899,3,ok
0,87,10.720000,0.836821,-1.692234,-0.034252,-0.069734,-0.034252,3.675757,0.194740,-0.228801,-0.228801,0.000000,0.885471,0.885471,0.000000,C-06;C-05,1,0,0,1,1,0,-0.044535,-0.178102,0.5208,-0.2195,0.2769,3,ok
0,88,10.840000,0.858357,-1.692880,-0.033620,-0.070380,-0.033620,3.697293,0.178627,0.021069,0.021069,0.000000,0.812024,0.812024,0.000000,C-06;C-05,1,0,0,1,1,0,-0.055151,-0.166304,0.5208,-0.1475,0.2706,3,ok
0,89,10.960000,0.877997,-1.693561,-0.014821,-0.071061,-0.014821,3.716932,0.161461,0.259903,0.259903,0.000000,0.733549,0.733549,0.000000,C-06;C-05,1,0,0,1,1,0,-0.058602,-0.158237,0.5833,-0.1293,0.2666,3,ok
0,90,11.080000,0.900083,-1.693926,-0.017786,-0.071426,-0.017786,3.737135,0.195237,-0.058076,-0.058076,0.000000,0.887473,0.887473,0.000000,C-06;C-05,1,0,0,1,1,0,-0.055889,-0.105855,0.6458,-0.1951,0.2557,3,ok
0,91,11.200000,0.922686,-1.694330,0.002062,-0.071830,0.002062,3.761622,0.187173,0.271136,0.271136,0.000000,0.850647,0.850647,0.000000,C-06;C-05,1,0,0,1,1,0,-0.059358,-0.052622,0.6458,-0.1635,0.2484,3,ok
0,92,11.300000,0.942153,-1.694658,0.017783,-0.072158,0.017783,3.781088,0.196112,0.219390,0.219390,0.000000,0.891423,0.891423,0.000000,C-05,1,0,0,1,1,0,-0.058047,-0.056709,0.6875,-0.1719,0.2535,3,ok
0,93,11.420000,0.966033,-1.694299,0.010823,-0.071799,0.010823,3.804969,0.199306,-0.099010,-0.099010,0.000000,0.905873,0.905873,0.000000,C-06;C-05,1,0,0,1,1,0,-0.059479,0.015652,0.7917,-0.1199,0.2511,3,ok
0,94,11.540000,0.989182,-1.694044,0.010109,-0.071544,0.010109,3.828117,0.192460,-0.001998,-0.001998,0.000000,0.874812,0.874812,0.000000,C-05,1,0,0,1,1,0,-0.064096,0.020137,0.7292,-0.0069,0.2597,3,ok
0,95,11.640000,1.008152,-1.693837,0.006679,-0.071337,0.006679,3.847088,0.189460,-0.053017,-0.053017,0.000000,0.861150,0.861150,0.000000,C-05,1,0,0,1,1,0,-0.063961,0.030320,0.7083,0.0006,0.2579,3,ok
0,96,11.760000,1.030748,-1.693586,0.002576,-0.071086,0.002576,3.869684,0.188244,-0.048169,-0.048169,0.000000,0.855603,0.855603,0.000000,C-05,1,0,0,1,1,0,-0.062486,0.022844,0.6875,-0.0062,0.2562,3,ok
0,97,11.880000,1.052990,-1.693513,0.010668,-0.071013,0.010668,3.891926,0.185044,0.107271,0.107271,0.000000,0.841152,0.841152,0.000000,C-06;C-05,1,0,0,1,1,0,-0.062511,-0.022735,0.7083,-0.0473,0.2645,3,ok
0,98,12.000000,1.076033,-1.693439,0.015462,-0.070939,0.015462,3.914968,0.192936,0.053810,0.053810,0.000000,0.877078,0.877078,0.000000,C-05,1,0,0,1,1,0,-0.063962,0.020763,0.7500,-0.0235,0.2618,3,ok
0,99,12.120000,1.099454,-1.693111,0.010547,-0.070611,0.010547,3.937335,0.195383,-0.065263,-0.065263,0.000000,0.888062,0.888062,0.000000,C-05,1,0,0,1,1,0,-0.059054,-0.042305,0.7083,-0.0851,0.2681,3,ok
0,100,12.220000,1.119217,-1.692852,0.009213,-0.070352,0.009213,3.958153,0.197870,-0.015480,-0.015480,0.000000,0.899379,0.899379,0.000000,C-05,1,0,0,1,1,0,-0.060315,-0.024767,0.6875,-0.0761,0.2663,3,ok
0,101,12.340000,1.143062,-1.692559,0.002806,-0.070059,0.002806,3.981997,0.198797,-0.080458,-0.080458,0.000000,0.903560,0.903560,0.000000,C-05,1,0,0,1,1,0,-0.060772,-0.005247,0.6667,-0.0627,0.2629,3,ok
0,102,12.460000,1.166589,-1.692278,-0.002078,-0.069778,-0.002078,4.005524,0.195872,-0.055921,-0.055921,0.000000,0.890282,0.890282,0.000000,C-05,1,0,0,1,1,0,-0.060532,0.001456,0.6458,-0.0554,0.2596,3,ok
0,103,12.580000,1.190333,-1.692314,-0.002242,-0.069814,-0.002242,4.029269,0.198030,0.001433,0.001433,0.000000,0.900135,0.900135,0.000000,C-05,1,0,0,1,1,0,-0.064666,0.018892,0.5000,-0.0820,0.2629,2,single_line
0,104,12.700000,1.214037,-1.692367,0.002271,-0.069867,0.002271,4.052973,0.197493,0.056633,0.056633,0.000000,0.897695,0.897695,0.000000,C-05,1,0,0,1,1,0,-0.065079,0.025477,0.5000,-0.0790,0.2629,2,single_line
0,105,12.800000,1.233684,-1.692413,0.005175,-0.069913,0.005175,4.072620,0.196381,0.039769,0.039769,0.000000,0.892651,0.892651,0.000000,C-05,1,0,0,1,1,0,-0.065059,0.039836,0.5000,-0.0672,0.2629,2,single_line
0,106,12.920000,1.257567,-1.692329,-0.003426,-0.069829,-0.003426,4.096503,0.199253,-0.109906,-0.109906,0.000000,0.905695,0.905695,0.000000,C-05,1,0,0,1,1,0,-0.064641,0.055522,0.5000,-0.0537,0.2629,2,single_line
0,107,13.040000,1.281560,-1.692287,-0.006555,-0.069787,-0.006555,4.120496,0.199983,-0.032438,-0.032438,0.000000,0.909034,0.909034,0.000000,C-05,1,0,0,1,1,0,-0.065886,0.061534,0.5000,-0.0401,0.2629,2,single_line
0,108,13.140000,1.301463,-1.692283,-0.011692,-0.069783,-0.011692,4.137635,0.198936,-0.076269,-0.076269,0.000000,0.904313,0.904313,0.000000,C-05,1,0,0,1,1,0,-0.066933,0.070424,0.5000,-0.0325,0.2629,2,single_line
0,109,13.260000,1.325311,-1.692306,-0.017262,-0.069806,-0.015205,4.164246,0.198715,-0.065601,-0.065601,0.000000,0.903376,0.903376,0.000000,C-05,1,0,0,1,1,0,-0.068135,0.078277,0.5000,-0.0190,0.2629,2,single_line
0,110,13.380000,1.349357,-1.692698,-0.012726,-0.070198,-0.010668,4.187635,0.200592,0.063498,0.063498,0.000000,0.911726,0.911726,0.000000,C-05,1,0,0,1,1,0,-0.069383,0.089887,0.5000,0.0112,0.2629,2,single_line
0,111,13.500000,1.373499,-1.693004,-0.019623,-0.070504,-0.013434,4.212434,0.201243,-0.092818,-0.092818,0.000000,0.914838,0.914838,0.000000,C-06;C-05,1,0,0,1,1,0,-0.068188,0.096208,0.5000,0.0159,0.2629,2,single_line
0,112,13.620000,1.397566,-1.693303,-0.027911,-0.070803,-0.021722,4.236501,0.200509,-0.099601,-0.099601,0.000000,0.911680,0.911680,0.000000,C-05,1,0,0,1,1,0,-0.068043,0.098234,0.5000,0.0251,0.2629,2,single_line
0,113,13.720000,1.417221,-1.693809,-0.029018,-0.071109,-0.014982,4.256889,0.196281,-0.008650,-0.008650,0.000000,0.892230,0.892230,0.000000,C-05,1,0,0,1,1,0,-0.068713,0.097756,0.5000,0.0390,0.2629,2,single_line
0,114,13.840000,1.440501,-1.694483,-0.029255,-0.071544,-0.015219,4.280175,0.193923,-0.002464,-0.002464,0.000000,0.881474,0.881474,0.000000,C-05,1,0,0,1,1,0,-0.069760,0.105186,0.5000,0.0600,0.2629,2,single_line
0,115,13.960000,1.463479,-1.695155,-0.031171,-0.071795,-0.007734,4.303904,0.191443,-0.024134,-0.024134,0.000000,0.870241,0.870241,0.000000,C-05,1,0,0,1,1,0,-0.068898,0.100361,0.5000,0.0562,0.2629,2,single_line
0,116,14.080000,1.486260,-1.695824,-0.036433,-0.071993,-0.012997,4.326693,0.189780,-0.066440,-0.066440,0.000000,0.862827,0.862827,0.000000,C-05,1,0,0,1,1,0,-0.067562,0.099179,0.5000,0.0614,0.2629,2,single_line
0,117,14.200000,1.508141,-1.696530,-0.042961,-0.071966,-0.008132,4.349924,0.181862,-0.081288,-0.081288,0.000000,0.826963,0.826963,0.000000,C-05,1,0,0,1,1,0,-0.075366,0.181295,0.5000,0.2065,0.2629,2,single_line
0,118,14.300000,1.523469,-1.697171,-0.047648,-0.072006,-0.012819,4.365266,0.150168,-0.071683,-0.071683,0.000000,0.682720,0.682720,0.000000,C-06;C-05,1,0,0,1,1,0,-0.081017,0.232955,0.5000,0.3089,0.2629,2,single_line
0,119,14.420000,1.539319,-1.697926,-0.050901,-0.072139,-0.016071,4.381133,0.130728,-0.038560,-0.038560,0.000000,0.594296,0.594296,0.000000,C-05,1,0,0,1,1,0,-0.079740,0.212960,0.5000,0.2927,0.2629,2,single_line
0,120,14.540000,1.557426,-1.698691,-0.037184,-0.072061,0.008250,4.399816,0.159447,0.187192,0.187192,0.000000,0.724717,0.724717,0.000000,C-06;C-05,1,0,0,1,1,0,-0.079764,0.206802,0.5000,0.2986,0.2629,2,single_line
0,121,14.640000,1.574537,-1.699291,-0.046982,-0.071856,-0.001548,4.416936,0.174742,-0.180016,-0.180016,0.000000,0.794666,0.794666,0.000000,C-06;C-05,1,0,0,1,1,0,-0.080832,0.247672,0.5000,0.3487,0.2629,2,single_line
0,122,14.760000,1.596357,-1.700025,-0.062715,-0.071489,-0.006863,4.439480,0.182936,-0.193045,-0.193045,0.000000,0.832662,0.832662,0.000000,C-05,1,0,0,1,1,0,-0.076379,0.211017,0.5000,0.2918,0.2629,2,single_line
0,123,14.880000,1.618200,-1.701321,-0.056541,-0.071539,-0.000690,4.461361,0.182317,0.094194,0.094194,0.000000,0.828522,0.828522,0.000000,C-06;C-05,1,0,0,1,1,0,-0.072608,0.131377,0.5000,0.2218,0.2629,2,single_line
0,124,15.000000,1.641472,-1.702578,-0.068712,-0.071443,-0.006188,4.485120,0.196705,-0.169583,-0.169583,0.000000,0.894922,0.894922,0.000000,C-06;C-05,1,0,0,1,1,0,-0.071058,0.129412,0.5000,0.2176,0.2629,2,single_line
0,125,15.120000,1.664356,-1.703825,-0.077681,-0.071240,-0.015156,4.508037,0.190621,-0.107810,-0.107810,0.000000,0.867724,0.867724,0.000000,C-05,1,0,0,1,1,0,-0.070438,0.115728,0.5000,0.2171,0.2629,2,single_line
0,126,15.220000,1.681873,-1.705121,-0.086857,-0.071425,-0.024333,4.525601,0.173891,-0.147135,-0.147135,0.000000,0.791095,0.791095,0.000000,C-05,1,0,0,1,1,0,-0.069959,0.085992,0.5000,0.2289,0.2629,2,single_line
0,127,15.340000,1.696226,-1.706397,-0.084068,-0.071690,-0.015281,4.540683,0.115261,0.048022,0.048022,0.000000,0.523632,0.523632,0.000000,C-06;C-05,1,0,0,1,1,0,-0.077778,0.139861,0.5000,0.3394,0.2629,2,single_line
0,128,15.460000,1.709117,-1.707659,-0.064810,-0.072012,0.003976,4.553632,0.107014,0.259572,0.259572,0.000000,0.485116,0.485116,0.000000,C-06;C-05,1,0,0,1,1,0,-0.078214,0.142888,0.5000,0.3513,0.2629,2,single_line
0,129,15.580000,1.725245,-1.708713,-0.063355,-0.071890,0.005431,4.569794,0.163677,0.000320,0.000320,0.000000,0.753908,0.753908,0.000000,C-06;C-05,1,0,0,1,1,0,-0.082180,0.236738,0.5000,0.4679,0.2629,2,single_line
0,130,15.700000,1.745722,-1.709981,-0.064534,-0.071668,0.008459,4.590298,0.171466,-0.015269,-0.015269,0.000000,0.779528,0.779528,0.000000,C-05,1,0,0,1,1,0,-0.080240,0.230080,0.5000,0.4596,0.2629,2,single_line
0,131,15.800000,1.763192,-1.711101,-0.064506,-0.071518,0.008487,4.607803,0.175518,0.001780,0.001780,0.000000,0.797824,0.797824,0.000000,C-05,1,0,0,1,1,0,-0.079578,0.224955,0.5000,0.4604,0.2629,2,single_line
0,132,15.920000,1.784894,-1.712463,-0.075395,-0.071302,-0.002402,4.628879,0.181827,-0.144457,-0.144457,0.000000,0.827190,0.827190,0.000000,C-05,1,0,0,1,1,0,-0.079167,0.221332,0.5000,0.4591,0.2629,2,single_line
0,133,16.040000,1.807044,-1.713832,-0.089186,-0.070929,-0.013287,4.652143,0.185158,-0.173516,-0.173516,0.000000,0.843331,0.843331,0.000000,C-05,1,0,0,1,1,0,-0.077956,0.202769,0.5000,0.4599,0.2629,2,single_line
0,134,16.140000,1.825593,-1.715407,-0.080091,-0.071048,-0.004192,4.670759,0.186370,0.168638,0.168638,0.000000,0.846713,0.846713,0.000000,C-06;C-05,1,0,0,1,1,0,-0.078492,0.167344,0.5000,0.4600,0.2629,2,single_line
0,135,16.260000,1.847481,-1.717349,-0.057503,-0.071276,0.019323,4.692709,0.182943,0.286535,0.286535,0.000000,0.829721,0.829721,0.000000,C-05,1,0,0,1,1,0,-0.078059,0.158364,0.5000,0.4517,0.2629,2,single_line
0,136,16.380000,1.869014,-1.718601,-0.077876,-0.070847,-0.001050,4.714274,0.179109,-0.300816,-0.300816,0.000000,0.815245,0.815245,0.000000,C-06;C-05,1,0,0,1,1,0,-0.075494,0.200802,0.5000,0.4842,0.2629,2,single_line
0,137,16.480000,1.886310,-1.719937,-0.061655,-0.070831,0.015171,4.728784,0.172288,0.302651,0.302651,0.000000,0.782217,0.782217,0.000000,C-06;C-05,1,0,0,1,1,0,-0.070804,0.121623,0.5000,0.4147,0.2629,2,single_line
0,138,16.600000,1.907082,-1.721569,-0.051527,-0.070843,0.025041,4.752447,0.173762,0.112518,0.112518,0.000000,0.788495,0.788495,0.000000,C-06;C-05,1,0,0,1,1,0,-0.077364,0.196228,0.5000,0.5340,0.2629,2,single_line
0,139,16.720000,1.928710,-1.722733,-0.082914,-0.070322,-0.006347,4.774100,0.181886,-0.445683,-0.445683,0.000000,0.828357,0.828357,0.000000,C-06;C-05,1,0,0,1,1,0,-0.074388,0.198649,0.5000,0.5249,0.2629,2,single_line
0,140,16.820000,1.944968,-1.724047,-0.072207,-0.070373,0.002090,4.790378,0.160089,0.232893,0.232893,0.000000,0.727042,0.727042,0.000000,C-06;C-05,1,0,0,1,1,0,-0.080913,0.202701,0.5000,0.6125,0.2629,2,single_line
0,141,16.920000,1.960930,-1.725393,-0.062162,-0.070481,0.012136,4.806397,0.160242,0.140975,0.140975,0.000000,0.727229,0.727229,0.000000,C-05,1,0,0,1,1,0,-0.083154,0.223658,0.5000,0.6526,0.2629,2,single_line
0,142,17.040000,1.980071,-1.727008,-0.032280,-0.070612,0.042017,4.825605,0.160125,0.387010,0.387010,0.000000,0.725676,0.725676,0.000000,C-06;C-05,1,0,0,1,1,0,-0.071536,0.131814,0.5000,0.4926,0.2629,2,single_line
0,143,17.140000,1.997161,-1.728259,-0.017327,-0.070618,0.053513,4.842312,0.174103,0.201150,0.201150,0.000000,0.789769,0.789769,0.000000,C-06;C-05,1,0,0,1,1,0,-0.077063,0.238196,0.5000,0.6151,0.2629,2,single_line
0,144,17.260000,2.019288,-1.728716,-0.030837,-0.069497,0.040003,4.864415,0.186571,-0.193213,-0.193213,0.000000,0.848297,0.848297,0.000000,C-06;C-05,1,0,0,1,1,0,-0.069916,0.219021,0.5000,0.5666,0.2629,2,single_line
0,145,17.380000,2.041700,-1.729190,-0.036303,-0.068402,0.029568,4.886508,0.186826,-0.057780,-0.057780,0.000000,0.849529,0.849529,0.000000,C-05,1,0,0,1,1,0,-0.067861,0.180481,0.5000,0.5543,0.2629,2,single_line
0,146,17.480000,2.060614,-1.729850,-0.036281,-0.067796,0.029590,4.905423,0.189528,0.005420,0.005420,0.000000,0.861506,0.861506,0.000000,C-05,1,0,0,1,1,0,-0.072275,0.211489,0.5000,0.6420,0.2629,2,single_line
0,147,17.600000,2.083454,-1.730664,-0.027590,-0.067079,0.038281,4.928266,0.190541,0.110075,0.110075,0.000000,0.865886,0.865886,0.000000,C-05,1,0,0,1,1,0,-0.077315,0.256175,0.5000,0.7393,0.2629,2,single_line
0,148,17.720000,2.106673,-1.731471,-0.015325,-0.066459,0.043608,4.951072,0.193902,0.148844,0.148844,0.000000,0.880952,0.880952,0.000000,C-05,1,0,0,1,1,0,-0.068245,0.180136,0.5000,0.6332,0.2629,2,single_line
0,149,17.820000,2.126039,-1.731785,-0.015449,-0.065597,0.043484,4.970422,0.193672,-0.015036,-0.015036,0.000000,0.880340,0.880340,0.000000,C-06;C-05,1,0,0,1,1,0,-0.068549,0.217004,0.5000,0.6972,0.2629,2,single_line
0,150,17.920000,2.145192,-1.732070,-0.006866,-0.064778,0.043618,4.989057,0.191266,0.136294,0.136294,0.000000,0.869320,0.869320,0.000000,C-06;C-05,1,0,0,1,1,0,-0.066241,0.193759,0.4792,0.6738,0.2629,2,single_line
0,151,18.040000,2.168238,-1.732411,0.007089,-0.063898,0.057573,5.012089,0.192134,0.166708,0.166708,0.000000,0.873258,0.873258,0.000000,C-05,1,0,0,1,1,0,-0.077224,0.265479,0.6667,0.3369,0.2780,2,ok
0,152,18.140000,2.185677,-1.732404,0.015226,-0.062967,0.065711,5.029503,0.172440,0.115936,0.115936,0.000000,0.783904,0.783904,0.000000,C-05,1,0,0,1,1,0,-0.063969,0.202819,0.5000,0.7105,0.2659,2,single_line
0,153,18.260000,2.203783,-1.732170,0.003540,-0.061923,0.044099,5.046934,0.148783,-0.164950,-0.164950,0.000000,0.676230,0.676230,0.000000,C-06;C-05,1,0,0,1,1,0,-0.067615,0.261296,0.5000,0.8033,0.2659,2,single_line
0,154,18.380000,2.223589,-1.732082,0.012933,-0.060989,0.053493,5.066718,0.169711,0.132153,0.132153,0.000000,0.771468,0.771468,0.000000,C-06;C-05,1,0,0,1,1,0,-0.098080,0.244740,0.6875,0.4508,0.3313,2,ok
0,155,18.480000,2.240591,-1.731865,0.010843,-0.060047,0.051403,5.083695,0.170070,-0.042563,-0.042563,0.000000,0.773023,0.773023,0.000000,C-06;C-05,1,0,0,1,1,0,-0.072400,0.241383,0.6667,0.3619,0.2840,2,ok
0,156,18.600000,2.260963,-1.731645,0.011793,-0.059221,0.039829,5.103234,0.169756,0.014230,0.014230,0.000000,0.771627,0.771627,0.000000,C-05,1,0,0,1,1,0,-0.092414,0.310274,0.6250,0.4692,0.3308,2,ok
0,157,18.720000,2.282130,-1.731440,0.008055,-0.058401,0.036091,5.124386,0.177119,-0.047246,-0.047246,0.000000,0.805076,0.805076,0.000000,C-05,1,0,0,1,1,0,-0.090653,0.204479,0.6042,0.4444,0.3385,2,ok
0,158,18.820000,2.301003,-1.731287,0.000959,-0.057782,0.014221,5.142569,0.191699,-0.104988,-0.104988,0.000000,0.871335,0.871335,0.000000,C-05,1,0,0,1,1,0,-0.036588,0.233710,0.6458,0.3617,0.2027,2,ok
0,159,18.920000,2.320762,-1.731149,-0.019875,-0.057300,-0.006613,5.162323,0.198672,-0.319159,-0.319159,0.000000,0.903189,0.903189,0.000000,C-06;C-05,1,0,0,1,1,0,-0.040788,0.261804,0.7292,0.4512,0.2156,2,ok
0,160,19.040000,2.344639,-1.730985,-0.049028,-0.056722,-0.035765,5.186194,0.198908,-0.353285,-0.353285,0.000000,0.905136,0.905136,0.000000,C-05,1,0,0,1,1,0,-0.040788,0.261804,0.7292,0.4512,0.2156,2,ok
0,161,19.140000,2.362580,-1.731802,-0.032538,-0.057532,-0.036488,5.203041,0.175428,0.326713,0.326713,0.000000,0.796836,0.796836,0.000000,C-06;C-05,1,0,0,1,1,0,-0.061202,0.017139,0.5000,0.8278,0.2571,1,single_line
0,162,19.260000,2.383257,-1.732872,0.009164,-0.058640,0.005215,5.223717,0.172238,0.509133,0.509133,0.000000,0.781871,0.781871,0.000000,C-06;C-05,1,0,0,1,1,0,-0.061202,0.017139,0.5000,0.8278,0.2571,1,single_line
0,163,19.380000,2.405506,-1.733917,0.050141,-0.059827,0.026891,5.244831,0.188530,0.491038,0.491038,0.000000,0.857051,0.857051,0.000000,C-05,1,0,0,1,1,0,-0.049683,-0.048220,0.5000,0.6918,0.2571,1,single_line
0,164,19.480000,2.424035,-1.734510,0.081389,-0.060806,0.058139,5.263343,0.184938,0.459253,0.459253,0.000000,0.843188,0.843188,0.000000,C-05,1,0,0,1,1,0,-0.045012,-0.034131,0.5000,0.6584,0.2571,1,single_line
0,165,19.600000,2.447712,-1.732839,0.068936,-0.059631,0.045687,5.287050,0.200505,-0.195104,-0.195104,0.000000,0.911122,0.911122,0.000000,C-06;C-05,1,0,0,1,1,0,-0.044576,0.012223,0.5000,0.6749,0.2571,1,single_line
0,166,19.720000,2.470587,-1.731135,0.061372,-0.058773,0.014537,5.308637,0.190581,-0.086743,-0.086743,0.000000,0.865533,0.865533,0.000000,C-05,1,0,0,1,1,0,-0.041690,-0.035096,0.5000,0.6229,0.2571,1,single_line
0,167,19.820000,2.488805,-1.729975,0.082520,-0.058404,0.035685,5.326888,0.180439,0.373704,0.373704,0.000000,0.821241,0.821241,0.000000,C-06;C-05,1,0,0,1,1,0,-0.046558,-0.051967,0.5000,0.6873,0.2571,1,single_line
0,168,19.920000,2.507082,-1.728830,0.097896,-0.058053,0.051061,5.345198,0.183289,0.221115,0.221115,0.000000,0.835439,0.835439,0.000000,C-06;C-05,1,0,0,1,1,0,-0.055622,0.051787,0.5000,0.8387,0.2571,1,single_line
0,169,20.040000,2.528553,-1.727463,0.119566,-0.058101,0.047378,5.365315,0.178855,0.277598,0.277598,0.000000,0.817063,0.817063,0.000000,C-05,1,0,0,1,1,0,-0.047310,-0.015899,0.5000,0.7296,0.2571,1,single_line
0,170,20.140000,2.546966,-1.725859,0.132650,-0.057742,0.060462,5.383794,0.185684,0.194705,0.194705,0.000000,0.847636,0.847636,0.000000,C-05,1,0,0,1,1,0,-0.036490,-0.106724,0.5000,0.5637,0.2571,1,single_line
0,171,20.260000,2.569568,-1.723202,0.140877,-0.056820,0.038225,5.404643,0.190004,0.100288,0.100288,0.000000,0.865784,0.865784,0.000000,C-05,1,0,0,1,1,0,-0.044932,-0.015687,0.5000,0.6912,0.2571,1,single_line
0,172,20.380000,2.591722,-1.720419,0.152749,-0.056276,0.050097,5.426965,0.185579,0.158998,0.158998,0.000000,0.846717,0.846717,0.000000,C-05,1,0,0,1,1,0,-0.044915,-0.025567,0.5000,0.6896,0.2571,1,single_line
0,173,20.480000,2.610246,-1.718012,0.162633,-0.055741,0.059981,5.445637,0.186884,0.154596,0.154596,0.000000,0.853058,0.853058,0.000000,C-05,1,0,0,1,1,0,-0.046118,-0.021549,0.5000,0.6983,0.2571,1,single_line
0,174,20.600000,2.632398,-1.714971,0.177908,-0.055336,0.041836,5.466434,0.186187,0.204129,0.204129,0.000000,0.851268,0.851268,0.000000,C-05,1,0,0,1,1,0,-0.047075,-0.020359,0.5000,0.6970,0.2571,1,single_line
0,175,20.720000,2.654108,-1.711773,0.196030,-0.054950,0.059959,5.488375,0.182507,0.244044,0.244044,0.000000,0.835870,0.835870,0.000000,C-05,1,0,0,1,1,0,-0.047075,-0.020359,0.5000,0.6970,0.2571,1,single_line
0,176,20.820000,2.672080,-1.708915,0.213006,-0.054422,0.076934,5.506565,0.181875,0.275656,0.275656,0.000000,0.834190,0.834190,0.000000,C-05,1,0,0,1,1,0,-0.046559,-0.024925,0.5000,0.6806,0.2571,1,single_line
0,177,20.920000,2.690149,-1.705720,0.230076,-0.054286,0.054778,5.522492,0.183574,0.278708,0.278708,0.000000,0.842456,0.842456,0.000000,C-05,1,0,0,1,1,0,-0.043210,-0.053200,0.4792,0.6203,0.2571,1,single_line
0,178,21.040000,2.712696,-1.700693,0.236859,-0.053219,0.061561,5.545569,0.193603,0.082700,0.082700,0.000000,0.882632,0.882632,0.000000,C-06;C-05,1,0,0,1,1,0,-0.037699,-0.090818,0.5000,0.5348,0.2571,1,single_line
0,179,21.140000,2.731254,-1.696389,0.247613,-0.052178,0.072315,5.562802,0.189989,0.185837,0.185837,0.000000,0.867458,0.867458,0.000000,C-05,1,0,0,1,1,0,-0.043891,-0.032223,0.5000,0.6419,0.2571,1,single_line
0,180,21.260000,2.753239,-1.691227,0.263038,-0.051753,0.046260,5.585224,0.187774,0.215859,0.215859,0.000000,0.860248,0.860248,0.000000,C-05,1,0,0,1,1,0,-0.044389,-0.036367,0.5000,0.6352,0.2571,1,single_line
0,181,21.380000,2.775926,-1.685374,0.270270,-0.050768,0.053492,5.608633,0.196167,0.093841,0.093841,0.000000,0.894842,0.894842,0.000000,C-05,1,0,0,1,1,0,-0.051606,0.042321,0.5000,0.7481,0.2571,1,single_line
0,182,21.480000,2.793960,-1.680379,0.294222,-0.050059,0.034396,5.624663,0.184663,0.453416,0.453416,0.000000,0.844007,0.844007,0.000000,C-06;C-05,1,0,0,1,1,0,-0.044908,-0.036127,0.5000,0.6378,0.2571,1,single_line
0,183,21.600000,2.816468,-1.673737,0.301739,-0.049510,0.041912,5.648124,0.197496,0.084711,0.084711,0.000000,0.900710,0.900710,0.000000,C-06;C-05,1,0,0,1,1,0,-0.036085,-0.102648,0.5000,0.5273,0.2571,2,single_line
0,184,21.720000,2.839116,-1.666935,0.312901,-0.048845,0.053075,5.671763,0.196749,0.165347,0.165347,0.000000,0.899949,0.899949,0.000000,C-05,1,0,0,1,1,0,-0.043458,-0.025069,0.5000,0.6288,0.2571,1,single_line
0,185,21.820000,2.857215,-1.661270,0.329437,-0.048769,0.028349,5.688563,0.188201,0.305274,0.305274,0.000000,0.861865,0.861865,0.000000,C-05,1,0,0,1,1,0,-0.037675,-0.097361,0.5000,0.5334,0.2571,2,single_line
0,186,21.920000,2.875657,-1.655318,0.341045,-0.048688,0.039957,5.707941,0.194693,0.194040,0.194040,0.000000,0.891906,0.891906,0.000000,C-05,1,0,0,1,1,0,-0.063060,0.218263,0.6042,0.5013,0.2736,2,ok
0,187,22.040000,2.897383,-1.647922,0.351593,-0.048225,0.050505,5.729455,0.191025,0.152560,0.152560,0.000000,0.873805,0.873805,0.000000,C-05,1,0,0,1,1,0,-0.047256,-0.002493,0.5000,0.6572,0.2604,2,single_line
0,188,22.140000,2.915242,-1.641627,0.359977,-0.048340,0.018505,5.748090,0.189238,0.148617,0.148617,0.000000,0.865554,0.865554,0.000000,C-05,1,0,0,1,1,0,-0.061352,0.151142,0.6667,0.4144,0.2890,2,ok
0,189,22.260000,2.936442,-1.633970,0.373607,-0.048279,0.032134,5.770630,0.187525,0.206581,0.206581,0.000000,0.859798,0.859798,0.000000,C-05,1,0,0,1,1,0,-0.049623,-0.018797,0.5000,0.6422,0.2661,2,single_line
0,190,22.380000,2.957920,-1.625958,0.388747,-0.048297,0.011238,5.791838,0.191370,0.228740,0.228740,0.000000,0.878026,0.878026,0.000000,C-05,1,0,0,1,1,0,-0.033663,0.070740,0.6042,0.3408,0.2278,2,ok
0,191,22.480000,2.976073,-1.618854,0.400790,-0.048423,0.023281,5.811332,0.195346,0.218231,0.218231,0.000000,0.895696,0.895696,0.000000,C-05,1,0,0,1,1,0,-0.034595,0.103297,0.5833,0.3674,0.2217,2,ok
0,192,22.600000,2.997579,-1.610082,0.415413,-0.048241,0.037904,5.834557,0.193395,0.223831,0.223831,0.000000,0.886938,0.886938,0.000000,C-05,1,0,0,1,1,0,-0.030245,0.074259,0.6250,0.3564,0.2155,2,ok
0,193,22.720000,3.018960,-1.600940,0.428127,-0.048296,0.016824,5.856224,0.193820,0.193949,0.193949,0.000000,0.887758,0.887758,0.000000,C-05,1,0,0,1,1,0,-0.040348,0.076668,0.6458,0.3522,0.2362,2,ok
0,194,22.820000,3.036764,-1.593079,0.439290,-0.048231,0.027987,5.875686,0.194698,0.209058,0.209058,0.000000,0.892166,0.892166,0.000000,C-05,1,0,0,1,1,0,-0.061796,0.029060,0.6458,0.3251,0.2863,2,ok
0,195,22.920000,3.054659,-1.584933,0.451011,-0.047940,0.039708,5.892132,0.196816,0.220828,0.220828,0.000000,0.902061,0.902061,0.000000,C-05,1,0,0,1,1,0,-0.042695,-0.012323,0.5000,0.6158,0.2512,2,single_line
0,196,23.040000,3.076264,-1.574705,0.463698,-0.048057,0.019646,5.917744,0.199375,0.198915,0.198915,0.000000,0.912820,0.912820,0.000000,C-05,1,0,0,1,1,0,-0.039267,-0.042136,0.4792,0.5748,0.2512,2,single_line
0,197,23.140000,3.094227,-1.565930,0.474257,-0.047844,0.030205,5.937734,0.199970,0.201408,0.201408,0.000000,0.915468,0.915468,0.000000,C-05,1,0,0,1,1,0,-0.045299,0.018175,0.5000,0.6649,0.2512,2,single_line
0,198,23.260000,3.115777,-1.555038,0.484997,-0.047755,0.008949,5.960297,0.201323,0.169635,0.169635,0.000000,0.920469,0.920469,0.000000,C-05,1,0,0,1,1,0,-0.003486,0.190824,0.6250,0.3246,0.1683,3,ok
0,199,23.380000,3.137084,-1.543940,0.493871,-0.047676,0.017823,5.984322,0.200139,0.141156,0.141156,0.000000,0.914091,0.914091,0.000000,C-05,1,0,0,1,1,0,-0.035968,0.001941,0.5000,0.6465,0.2346,2,single_line
0,200,23.480000,3.154453,-1.534608,0.503839,-0.047360,0.027791,5.999971,0.196538,0.198832,0.198832,0.000000,0.897533,0.897533,0.000000,C-05,1,0,0,1,1,0,-0.034889,-0.014296,0.5000,0.6342,0.2346,2,single_line
0,201,23.600000,3.175422,-1.523217,0.517718,-0.047700,0.010576,6.026443,0.199123,0.228479,0.228479,0.000000,0.911662,0.911662,0.000000,C-05,1,0,0,1,0,0,-0.033128,-0.965066,0.1458,0.0000,0.2346,3,single_line
0,202,23.720000,3.196683,-1.511283,0.534658,-0.047607,0.027517,6.050824,0.203608,0.282055,0.282055,0.000000,0.933085,0.933085,0.000000,C-05,1,0,0,1,1,0,-0.030441,-0.062371,0.5000,0.5546,0.2346,2,single_line
0,203,23.820000,3.214289,-1.500991,0.547263,-0.047699,0.009111,6.069703,0.203988,0.249495,0.249495,0.000000,0.933593,0.933593,0.000000,C-05,1,0,0,1,1,0,-0.016006,-0.320000,0.1042,0.0000,0.2346,3,single_line
0,204,23.920000,3.231569,-1.490545,0.559965,-0.047613,0.021813,6.089895,0.201569,0.256639,0.256639,0.000000,0.922385,0.922385,0.000000,C-02;C-05,1,1,0,1,1,0,-0.109893,0.534269,0.2083,0.0000,0.1677,3,ok
0,205,24.040000,3.252083,-1.477766,0.576636,-0.047351,0.008390,6.112717,0.201447,0.284488,0.284488,0.000000,0.921888,0.921888,0.000000,C-02;C-05,1,0,0,1,1,0,-0.068438,0.043453,0.6667,0.7977,0.2979,3,ok
0,206,24.140000,3.269173,-1.466713,0.588747,-0.047225,0.020501,6.133070,0.203713,0.246905,0.246905,0.000000,0.930956,0.930956,0.000000,C-05,1,0,0,1,1,0,-0.041638,0.071877,0.5000,0.7444,0.2366,3,single_line
0,207,24.260000,3.289829,-1.452929,0.600401,-0.046713,0.032154,6.157898,0.207182,0.199125,0.199125,0.000000,0.945421,0.945421,0.000000,C-05,1,0,0,1,1,0,-0.088198,0.053543,0.6042,0.9343,0.3405,3,ok
0,208,24.380000,3.309868,-1.439124,0.616095,-0.046478,0.018215,6.180787,0.202077,0.279778,0.279778,0.000000,0.923036,0.923036,0.000000,C-05,1,0,0,1,1,0,-0.091171,0.084237,0.6667,0.9885,0.3414,3,ok
0,209,24.480000,3.325719,-1.427778,0.627925,-0.046041,0.030044,6.200275,0.193811,0.247472,0.247472,0.000000,0.882988,0.882988,0.000000,C-05,1,0,0,1,0,0,-0.364369,1.065031,0.2500,1.3754,0.1440,3,ok
0,210,24.600000,3.344413,-1.414128,0.642866,-0.045523,0.015942,6.222111,0.192818,0.266402,0.266402,0.000000,0.879547,0.879547,0.000000,C-05,1,0,0,1,1,0,-0.079336,0.140979,0.6667,0.8643,0.3343,3,ok
0,211,24.720000,3.361644,-1.401090,0.658151,-0.045084,0.031227,6.243715,0.179052,0.275482,0.275482,0.000000,0.816325,0.816325,0.000000,C-05,1,0,0,1,1,0,-0.071484,0.126582,0.6667,0.8200,0.3189,3,ok
0,212,24.820000,3.374206,-1.391283,0.666803,-0.044520,0.039879,6.259642,0.157504,0.180233,0.180233,0.000000,0.716811,0.716811,0.000000,C-05,1,0,0,1,1,0,-0.063245,0.154649,0.6875,0.8211,0.2896,3,ok
0,213,24.920000,3.386242,-1.381761,0.671958,-0.044041,0.016035,6.273728,0.153065,0.108141,0.108141,0.000000,0.696416,0.696416,0.000000,C-05,1,0,0,1,0,0,-0.112985,0.809399,0.2917,0.5080,0.1783,3,ok
0,214,25.040000,3.399878,-1.370832,0.683188,-0.043694,0.027265,6.291199,0.145042,0.213019,0.213019,0.000000,0.660154,0.660154,0.000000,C-05,1,0,0,1,0,1,-0.109555,0.804936,0.2708,0.4913,0.1760,3,ok
0,215,25.140000,3.409611,-1.362848,0.691643,-0.043301,0.035720,6.303782,0.124058,0.183686,0.183686,0.000000,0.564338,0.564338,0.000000,C-02;C-05,1,1,0,1,1,0,-0.102937,0.735119,0.3125,0.4487,0.1705,3,ok
0,216,25.260000,3.421172,-1.353239,0.695492,-0.042736,0.039569,6.318804,0.125361,0.064222,0.064222,0.000000,0.569920,0.569920,0.000000,C-02;C-05,1,1,0,1,1,0,-0.103431,0.685317,0.3333,0.4614,0.1694,3,ok
0,217,25.380000,3.433909,-1.342452,0.711363,-0.042320,0.026818,6.334261,0.142584,0.311746,0.311746,0.000000,0.647409,0.647409,0.000000,C-06;C-02;C-05,1,0,0,1,1,0,-0.067566,0.097866,0.7708,0.9548,0.2938,3,ok
0,218,25.480000,3.444906,-1.332932,0.715568,-0.041900,0.031023,6.348800,0.145796,0.076480,0.076480,0.000000,0.662435,0.662435,0.000000,C-06;C-05,1,0,0,1,1,0,-0.053287,0.090463,0.7708,0.8357,0.2697,3,ok
0,219,25.600000,3.456740,-1.322588,0.723834,-0.041371,0.039289,6.364509,0.129955,0.156789,0.156789,0.000000,0.589785,0.589785,0.000000,C-05,1,0,0,1,1,0,-0.051952,0.075762,0.7917,0.8309,0.2695,3,ok
0,220,25.720000,3.467406,-1.313104,0.741747,-0.040770,0.057202,6.375642,0.116153,0.367571,0.367571,0.000000,0.524041,0.524041,0.000000,C-06;C-05,1,0,0,1,1,0,-0.055712,0.087729,0.8125,0.8745,0.2752,3,ok
0,221,25.820000,3.474620,-1.306479,0.753893,-0.040549,0.039864,6.387408,0.095933,0.247462,0.247462,0.000000,0.433883,0.433883,0.000000,C-05,1,0,0,1,1,0,-0.051262,0.093698,0.8542,0.8624,0.2660,3,ok
0,222,25.920000,3.478883,-1.302486,0.768196,-0.040315,0.054167,6.393244,0.054550,0.303972,0.303972,0.000000,0.246477,0.246477,0.000000,C-06;C-05,1,0,0,1,1,0,-0.049608,0.105567,0.8958,0.8683,0.2641,3,ok
0,223,26.040000,3.483278,-1.298358,0.744256,-0.040068,0.030228,6.399269,0.049595,-0.474602,-0.474602,0.000000,0.225807,0.225807,0.000000,C-06;C-05,1,0,0,1,1,0,-0.048163,0.121121,0.8750,0.8580,0.2633,3,ok
0,224,26.140000,3.486016,-1.295895,0.756592,-0.039995,0.042563,6.402950,0.035279,0.329340,0.329340,0.000000,0.157678,0.157678,0.000000,C-06;C-05,1,0,0,1,1,0,-0.053183,0.110134,0.8958,0.9200,0.2700,3,ok
0,225,26.260000,3.488682,-1.293378,0.758093,-0.039835,0.044064,6.406614,0.030220,0.004402,0.004402,0.000000,0.137335,0.137335,0.000000,C-06;C-05,1,0,0,1,1,0,-0.053598,0.098128,0.8958,0.9244,0.2679,3,ok
0,226,26.380000,3.490684,-1.291637,0.730850,-0.039826,0.016822,6.409267,0.021331,-0.520662,-0.520662,0.000000,0.093981,0.093981,0.000000,C-06;C-05,1,0,0,1,1,0,-0.051890,0.096168,0.9583,0.9177,0.2686,3,ok
0,227,26.480000,3.492731,-1.289806,0.730559,-0.039780,0.016530,6.412012,0.028520,0.035159,0.035159,0.000000,0.129823,0.129823,0.000000,C-06;C-05,1,0,0,1,1,0,-0.049950,0.078066,0.8958,0.8930,0.2619,3,ok
0,228,26.600000,3.497567,-1.285214,0.755119,-0.039469,0.041090,6.418675,0.084650,0.470107,0.470107,0.000000,0.468351,0.468351,0.000000,C-06;C-05,1,0,0,1,1,0,-0.044098,-0.082066,0.8958,0.7817,0.2753,2,ok
0,229,26.720000,3.501633,-1.281365,0.763670,-0.039217,0.049641,6.424268,0.042181,0.120365,0.120365,0.000000,0.191357,0.191357,0.000000,C-06;C-05,1,0,0,1,1,0,-0.043293,-0.063286,0.8750,0.7745,0.2765,3,ok
0,230,26.820000,3.503970,-1.279210,0.746886,-0.039114,0.032857,6.427445,0.030897,-0.385338,-0.385338,0.000000,0.139136,0.139136,0.000000,C-06;C-05,1,0,0,1,1,0,-0.039380,-0.063730,0.8750,0.7496,0.2753,3,ok
0,231,26.920000,3.507766,-1.275515,0.768293,-0.038803,0.054264,6.429311,0.076938,0.527472,0.527472,0.000000,0.406611,0.406611,0.000000,C-06;C-05,1,0,0,1,1,0,-0.041601,-0.072445,0.8750,0.7550,0.2737,3,ok
0,232,27.040000,3.511830,-1.271606,0.759996,-0.038749,0.017403,6.437241,0.043523,-0.199892,-0.199892,0.000000,0.197898,0.197898,0.000000,C-06;C-05,1,0,0,1,1,0,-0.039442,-0.058150,0.8958,0.7433,0.2716,3,ok
0,233,27.140000,3.516387,-1.267224,0.766383,-0.038599,0.023790,6.443561,0.073461,0.156633,0.156633,0.000000,0.334423,0.334423,0.000000,C-06;C-05,1,0,0,1,1,0,-0.038232,-0.062298,0.9167,0.7218,0.2700,3,ok
0,234,27.260000,3.522548,-1.261203,0.785247,-0.038323,0.042654,6.452172,0.071572,0.339615,0.339615,0.000000,0.325232,0.325232,0.000000,C-06;C-05,1,0,0,1,1,0,-0.038903,-0.054463,0.8750,0.7162,0.2710,3,ok
0,235,27.380000,3.527435,-1.256416,0.745850,-0.038097,0.003257,6.459008,0.054776,-0.782628,-0.782628,0.000000,0.253199,0.253199,0.000000,C-06;C-05,1,0,0,1,1,0,-0.033767,-0.049358,0.8750,0.6830,0.2714,3,ok
0,236,27.480000,3.532971,-1.251039,0.771183,-0.037874,0.028590,6.466723,0.101433,0.683200,0.683200,0.000000,0.584129,0.584129,0.000000,C-06;C-05,1,0,0,1,1,0,-0.037850,-0.098554,0.8542,0.7156,0.2712,2,ok
0,237,27.600000,3.541150,-1.242902,0.795089,-0.037403,0.052496,6.478251,0.094983,0.392334,0.392334,0.000000,0.432644,0.432644,0.000000,C-06;C-05,1,0,0,1,1,0,-0.034505,-0.110481,0.8542,0.6754,0.2632,2,ok
0,238,27.720000,3.547584,-1.236475,0.760851,-0.037013,0.018258,6.483031,0.073159,-0.673869,-0.673869,0.000000,0.336361,0.336361,0.000000,C-06;C-05,1,0,0,1,1,0,-0.032102,-0.079740,0.8750,0.6707,0.2630,3,ok
0,239,27.820000,3.553096,-1.231051,0.785945,-0.037115,0.014540,6.493849,0.078413,0.639318,0.639318,0.000000,0.356480,0.356480,0.000000,C-06;C-05,1,0,0,1,1,0,-0.033822,-0.073283,0.8958,0.6816,0.2654,2,ok
0,240,27.920000,3.559154,-1.224877,0.822063,-0.036942,0.050658,6.502497,0.087581,0.768570,0.768570,0.000000,0.405156,0.405156,0.000000,C-05,1,0,0,1,1,0,-0.037515,-0.080011,0.8958,0.7507,0.2720,2,ok
0,241,28.040000,3.562929,-1.220815,0.780878,-0.036680,0.009473,6.508037,0.039028,-0.884102,-0.884102,0.000000,0.177609,0.177609,0.000000,C-06;C-05,1,0,0,1,1,0,0.022493,0.269519,0.5833,0.3130,0.1575,3,ok
0,242,28.140000,3.567310,-1.216398,0.807557,-0.036589,0.036152,6.514257,0.085682,0.686526,0.686526,0.000000,0.513014,0.513014,0.000000,C-06;C-05,1,0,0,1,1,0,-0.036914,-0.036550,0.9167,0.7689,0.2616,2,ok
0,243,28.260000,3.574983,-1.208286,0.844328,-0.036161,0.072923,6.525414,0.093531,0.655705,0.655705,0.000000,0.429832,0.429832,0.000000,C-05,1,0,0,1,1,0,-0.043746,-0.021680,0.8750,0.8669,0.2696,2,ok
0,244,28.380000,3.577667,-1.205151,0.816878,-0.035799,0.045473,6.529526,0.026203,-0.612440,-0.612440,0.000000,0.113570,0.113570,0.000000,C-06;C-05,1,0,0,1,1,0,-0.029123,-0.008872,0.9167,0.7139,0.2651,2,ok
0,245,28.480000,3.580717,-1.201967,0.806309,-0.035657,0.034904,6.533933,0.054050,-0.192041,-0.192041,0.000000,0.246578,0.246578,0.000000,C-06;C-05,1,0,0,1,1,0,-0.029581,0.046297,0.5000,0.7195,0.2557,3,single_line
0,246,28.600000,3.585746,-1.196748,0.835079,-0.035545,0.033654,6.540333,0.061272,0.568145,0.568145,0.000000,0.283957,0.283957,0.000000,C-06;C-05,1,0,0,1,1,0,-0.039274,-0.005496,0.8333,0.8403,0.2605,2,ok
0,247,28.720000,3.588911,-1.193203,0.823613,-0.035339,0.022188,6.545081,0.037818,-0.257578,-0.257578,0.000000,0.169127,0.169127,0.000000,C-06;C-05,1,0,0,1,1,0,-0.037184,0.009049,0.8542,0.8224,0.2596,3,ok
0,248,28.820000,3.591706,-1.190226,0.833548,-0.035264,0.032124,6.549164,0.041290,0.251614,0.251614,0.000000,0.190150,0.190150,0.000000,C-06;C-05,1,0,0,1,1,0,-0.037376,0.016318,0.8542,0.8408,0.2598,3,ok
0,249,28.920000,3.595422,-1.186144,0.847100,-0.035078,0.045676,6.554681,0.059301,0.297505,0.297505,0.000000,0.271378,0.271378,0.000000,C-05,1,0,0,1,1,0,-0.030540,0.040084,0.5000,0.7374,0.2578,3,single_line
0,250,29.040000,3.599000,-1.181997,0.864527,-0.034748,0.063102,6.560148,0.044382,0.322164,0.322164,0.000000,0.201435,0.201435,0.000000,C-05,1,0,0,1,1,0,0.021134,0.281159,0.5833,0.3708,0.1535,3,ok
0,251,29.140000,3.600656,-1.180020,0.885915,-0.034555,0.084490,6.562720,0.024099,0.488521,0.488521,0.000000,0.108646,0.108646,0.000000,C-06;C-05,1,0,0,1,1,0,-0.029481,0.009867,0.8542,0.7684,0.2621,3,ok
0,252,29.260000,3.601998,-1.178430,0.905009,-0.034407,0.103585,6.564796,0.016935,0.339429,0.339429,0.000000,0.074998,0.074998,0.000000,C-05,1,0,0,1,1,0,-0.028635,0.021563,0.8333,0.7635,0.2635,3,ok
0,253,29.380000,3.605293,-1.174222,0.896369,-0.033831,0.094945,6.570109,0.071687,-0.190525,-0.190525,0.000000,0.327109,0.327109,0.000000,C-06;C-05,1,0,0,1,1,0,-0.024184,0.072931,0.8542,0.7444,0.2666,3,ok
0,254,29.480000,3.609300,-1.169233,0.884655,-0.033221,0.083230,6.576478,0.063205,-0.264224,-0.264224,0.000000,0.288228,0.288228,0.000000,C-05,1,0,0,1,1,0,-0.023726,0.056603,0.8333,0.7402,0.2672,3,ok
0,255,29.600000,3.616235,-1.160716,0.888536,-0.032248,0.087111,6.587419,0.117940,0.092638,0.092638,0.000000,0.536418,0.536418,0.000000,C-06;C-05,1,0,0,1,1,0,-0.023927,0.020705,0.8542,0.7377,0.2663,3,ok
0,256,29.720000,3.622748,-1.152669,0.898640,-0.031515,0.067783,6.596781,0.083284,0.192480,0.192480,0.000000,0.377395,0.377395,0.000000,C-06;C-05,1,0,0,1,1,0,-0.026337,0.015581,0.8750,0.7686,0.2683,3,ok
0,257,29.820000,3.626547,-1.147841,0.915553,-0.031052,0.084695,6.602908,0.059415,0.383888,0.383888,0.000000,0.268180,0.268180,0.000000,C-06;C-05,1,0,0,1,1,0,-0.022519,-0.019396,0.8542,0.7227,0.2694,3,ok
0,258,29.920000,3.631238,-1.141536,0.928724,-0.030249,0.097867,6.610725,0.090933,0.274392,0.274392,0.000000,0.415674,0.415674,0.000000,C-06;C-05,1,0,0,1,1,0,-0.017824,-0.037666,0.8542,0.6806,0.2779,3,ok
0,259,30.040000,3.638349,-1.131979,0.920047,-0.029031,0.089190,6.622575,0.100646,-0.187841,-0.187841,0.000000,0.459398,0.459398,0.000000,C-06;C-05,1,0,0,1,1,0,-0.018759,0.000482,0.8958,0.7157,0.2747,3,ok
0,260,30.140000,3.645082,-1.123139,0.906436,-0.028020,0.075579,6.633641,0.113636,-0.303038,-0.303038,0.000000,0.518877,0.518877,0.000000,C-05,1,0,0,1,1,0,-0.017878,-0.002402,0.9167,0.7081,0.2745,3,ok
0,261,30.260000,3.652253,-1.113956,0.915028,-0.027099,0.084171,6.643956,0.095735,0.192753,0.192753,0.000000,0.433389,0.433389,0.000000,C-06;C-05,1,0,0,1,1,0,-0.015840,-0.089247,0.9167,0.6452,0.2741,3,ok
0,262,30.380000,3.657668,-1.106901,0.919850,-0.026655,0.058798,6.653209,0.072394,0.077319,0.077319,0.000000,0.328727,0.328727,0.000000,C-06;C-05,1,0,0,1,1,0,-0.013353,-0.007323,0.6042,0.1449,0.2714,3,ok
0,263,30.480000,3.661629,-1.101672,0.930889,-0.026265,0.069838,6.659757,0.065076,0.252010,0.252010,0.000000,0.294398,0.294398,0.000000,C-06;C-05,1,0,0,1,1,0,-0.005687,-0.023903,0.6250,0.1143,0.2615,3,ok
0,264,30.600000,3.667585,-1.093513,0.939399,-0.025485,0.078348,6.669828,0.091781,0.143782,0.143782,0.000000,0.418270,0.418270,0.000000,C-06;C-05,1,0,0,1,1,0,-0.011057,-0.100482,1.0000,0.6138,0.2756,3,ok
0,265,30.720000,3.675026,-1.083128,0.948634,-0.024386,0.087583,6.682556,0.110580,0.164369,0.164369,0.000000,0.503610,0.503610,0.000000,C-05,1,0,0,1,1,0,-0.010463,-0.094296,0.9375,0.5991,0.2732,3,ok
0,266,30.820000,3.681960,-1.073288,0.956009,-0.023257,0.094957,6.694541,0.122702,0.154592,0.154592,0.000000,0.558836,0.558836,0.000000,C-05,1,0,0,1,1,0,-0.005973,-0.050039,0.9583,0.5868,0.2705,3,ok
0,267,30.920000,3.688719,-1.063705,0.956344,-0.022375,0.063791,6.705634,0.116917,-0.002401,-0.002401,0.000000,0.531427,0.531427,0.000000,C-06;C-05,1,0,0,1,1,0,-0.003985,-0.063362,0.9375,0.5621,0.2694,3,ok
0,268,31.040000,3.695740,-1.053833,0.952392,-0.021606,0.059838,6.717724,0.099727,-0.074372,-0.074372,0.000000,0.452916,0.452916,0.000000,C-05,1,0,0,1,1,0,-0.004187,-0.070670,0.9375,0.5601,0.2716,3,ok
0,269,31.140000,3.700889,-1.046641,0.947804,-0.021073,0.055251,6.726553,0.087451,-0.098730,-0.098730,0.000000,0.397608,0.397608,0.000000,C-05,1,0,0,1,1,0,-0.001469,-0.144920,0.9167,0.5025,0.2603,3,ok
0,270,31.260000,3.706281,-1.039125,0.945885,-0.020524,0.053331,6.735787,0.076416,-0.029450,-0.029450,0.000000,0.347775,0.347775,0.000000,C-05,1,0,0,1,1,0,-0.002838,-0.148361,0.9167,0.5046,0.2624,3,ok
0,271,31.380000,3.708808,-1.035597,0.944175,-0.020263,0.051621,6.740119,0.033448,-0.031708,-0.031708,0.000000,0.152199,0.152199,0.000000,C-06;C-05,1,0,0,1,1,0,-0.012974,-0.081777,0.8958,0.6791,0.2599,3,ok
0,272,31.480000,3.711061,-1.032428,0.939277,-0.020016,0.046723,6.744000,0.039706,-0.109533,-0.109533,0.000000,0.181955,0.181955,0.000000,C-05,1,0,0,1,1,0,-0.013223,-0.085264,0.9167,0.6758,0.2590,3,ok
0,273,31.600000,3.712951,-1.029799,0.960814,-0.019827,0.068261,6.747232,0.025836,0.419304,0.419304,0.000000,0.116321,0.116321,0.000000,C-06;C-05,1,0,0,1,1,0,-0.012161,-0.119668,0.8958,0.6467,0.2616,3,ok
0,274,31.720000,3.714765,-1.027344,0.975244,-0.019689,0.082690,6.750281,0.025472,0.238003,0.238003,0.000000,0.112605,0.112605,0.000000,C-06;C-05,1,0,0,1,1,0,-0.013926,-0.056749,0.9167,0.6865,0.2569,3,ok
0,275,31.820000,3.716170,-1.025298,0.955905,-0.019490,0.063352,6.751746,0.024658,-0.459238,-0.459238,0.000000,0.113076,0.113076,0.000000,C-06;C-05,1,0,0,1,1,0,-0.012227,-0.010454,0.9375,0.6929,0.2556,3,ok
0,276,31.920000,3.718670,-1.021558,0.936185,-0.019264,0.011295,6.756531,0.060570,-0.413334,-0.413334,0.000000,0.280666,0.280666,0.000000,C-06;C-05,1,0,0,1,1,0,-0.011899,-0.022852,0.9167,0.6821,0.2559,3,ok
0,277,32.020000,3.722471,-1.016212,0.945752,-0.019087,0.020862,6.763088,0.066470,0.262334,0.262334,0.000000,0.304080,0.304080,0.000000,C-06;C-05,1,0,0,1,1,0,-0.005529,-0.180963,0.8750,0.5543,0.2623,3,ok
0,278,32.140000,3.725699,-1.011644,0.972657,-0.018921,0.047767,6.768679,0.044916,0.490083,0.490083,0.000000,0.201931,0.201931,0.000000,C-06;C-05,1,0,0,1,1,0,-0.010165,-0.142045,0.8750,0.6164,0.2520,3,ok
0,279,32.240000,3.727410,-1.009189,0.977155,-0.018812,0.052265,6.771669,0.028640,0.060559,0.060559,0.000000,0.129050,0.129050,0.000000,C-06;C-05,1,0,0,1,1,0,-0.011259,-0.062942,0.9167,0.6502,0.2481,3,ok
0,280,32.340000,3.728926,-1.006954,0.977717,-0.018680,0.052826,6.774366,0.026887,0.007938,0.007938,0.000000,0.122059,0.122059,0.000000,C-05,1,0,0,1,1,0,-0.006463,-0.105063,0.8958,0.5966,0.2547,3,ok
0,281,32.460000,3.732051,-1.002305,0.977010,-0.018382,0.052119,6.779960,0.053936,-0.013446,-0.013446,0.000000,0.245422,0.245422,0.000000,C-06;C-05,1,0,0,1,1,0,-0.002898,-0.156502,0.8542,0.5365,0.2611,3,ok
0,282,32.560000,3.735597,-0.996958,0.971401,-0.018001,0.046510,6.786365,0.066434,-0.123205,-0.123205,0.000000,0.304257,0.304257,0.000000,C-05,1,0,0,1,1,0,-0.008209,-0.097360,0.8958,0.6124,0.2561,3,ok
0,283,32.680000,3.738913,-0.992120,0.978589,-0.017742,0.053699,6.792225,0.047753,0.140120,0.140120,0.000000,0.215853,0.215853,0.000000,C-06;C-05,1,0,0,1,1,0,-0.011962,-0.053584,0.8750,0.6547,0.2536,3,ok
0,284,32.780000,3.740978,-0.989128,0.986057,-0.017594,0.061167,6.795857,0.035297,0.155475,0.155475,0.000000,0.158375,0.158375,0.000000,C-05,1,0,0,1,1,0,-0.009065,-0.108006,0.8542,0.6074,0.2584,3,ok
0,285,32.880000,3.742743,-0.986469,0.980692,-0.017406,0.055802,6.799043,0.031528,-0.134839,-0.134839,0.000000,0.143680,0.143680,0.000000,C-06;C-05,1,0,0,1,1,0,-0.012063,-0.038117,0.8750,0.6510,0.2560,3,ok
0,286,33.000000,3.746550,-0.980515,0.988838,-0.016869,0.063948,6.805807,0.087847,0.160005,0.160005,0.000000,0.436548,0.436548,0.000000,C-06;C-05,1,0,0,1,1,0,-0.005014,-0.157798,0.8542,0.5402,0.2660,3,ok
0,287,33.100000,3.752681,-0.971039,0.993100,-0.016413,0.034730,6.816855,0.122450,0.079225,0.079225,0.000000,0.557950,0.557950,0.000000,C-06;C-05,1,0,0,1,1,0,-0.004768,-0.158795,0.8542,0.5341,0.2660,3,ok
0,288,33.200000,3.757236,-0.964023,0.985660,-0.016089,0.027290,6.825213,0.078487,-0.182779,-0.182779,0.000000,0.357917,0.357917,0.000000,C-06;C-05,1,0,0,1,1,0,-0.011411,-0.056682,0.8958,0.6314,0.2558,2,ok
0,289,33.320000,3.763728,-0.953448,1.006101,-0.015294,0.047730,6.837597,0.124360,0.396318,0.396318,0.000000,0.573352,0.573352,0.000000,C-06;C-05,1,0,0,1,1,0,-0.007927,-0.170864,0.8750,0.5423,0.2666,2,ok
0,290,33.420000,3.767890,-0.946725,1.009582,-0.014817,0.051212,6.845490,0.073141,0.037566,0.037566,0.000000,0.333133,0.333133,0.000000,C-06;C-05,1,0,0,1,1,0,-0.007013,-0.166230,0.9167,0.5329,0.2647,2,ok
0,291,33.520000,3.771716,-0.940690,1.002087,-0.014463,0.043717,6.852627,0.071185,-0.167333,-0.167333,0.000000,0.323846,0.323846,0.000000,C-06;C-05,1,0,0,1,1,0,-0.005937,-0.170261,0.9375,0.5293,0.2658,2,ok
0,292,33.640000,3.776371,-0.932842,1.024274,-0.013740,0.065904,6.859909,0.077043,0.412771,0.412771,0.000000,0.354277,0.354277,0.000000,C-06;C-05,1,0,0,1,1,0,-0.009187,-0.135194,0.9375,0.5700,0.2579,2,ok
0,293,33.740000,3.780486,-0.925990,1.001093,-0.013478,0.004910,6.869237,0.079997,-0.564409,-0.564409,0.000000,0.369073,0.369073,0.000000,C-06;C-05,1,0,0,1,1,0,-0.003181,-0.196859,0.9375,0.4853,0.2630,2,ok
0,294,33.840000,3.783024,-0.921988,1.011273,-0.013406,0.015090,6.873976,0.043695,0.278900,0.278900,0.000000,0.197614,0.197614,0.000000,C-06;C-05,1,0,0,1,1,0,-0.004761,-0.206438,0.9375,0.4995,0.2657,2,ok
0,295,33.960000,3.784914,-0.918977,1.048958,-0.013335,0.052775,6.877530,0.028243,0.662383,0.662383,0.000000,0.124929,0.124929,0.000000,C-06;C-05,1,0,0,1,1,0,-0.011512,-0.132880,0.9583,0.6047,0.2553,3,ok
0,296,34.060000,3.786967,-0.914652,1.023856,-0.012681,0.027674,6.882272,0.071075,-0.622927,-0.622927,0.000000,0.393936,0.393936,0.000000,C-06;C-05,1,0,0,1,1,0,-0.003716,-0.122873,0.9583,0.5295,0.2638,3,ok
0,297,34.180000,3.789927,-0.909697,1.009850,-0.012439,0.013667,6.888039,0.045507,-0.210406,-0.210406,0.000000,0.208176,0.208176,0.000000,C-06;C-05,1,0,0,1,1,0,-0.003649,-0.196366,0.9167,0.5059,0.2682,2,ok
0,298,34.280000,3.791878,-0.906541,1.027192,-0.012340,0.031010,6.891748,0.036161,0.401873,0.401873,0.000000,0.163153,0.163153,0.000000,C-06;C-05,1,0,0,1,1,0,-0.005542,-0.231229,0.9167,0.5055,0.2675,3,ok
0,299,34.380000,3.793731,-0.903518,1.056594,-0.012232,0.060411,6.895292,0.035560,0.600467,0.600467,0.000000,0.158727,0.158727,0.000000,C-06;C-05,1,0,0,1,1,0,-0.010467,-0.168347,0.9583,0.5759,0.2603,3,ok
0,300,34.500000,3.795325,-0.900725,1.059512,-0.012033,0.063329,6.898502,0.026181,0.009939,0.009939,0.000000,0.118709,0.118709,0.000000,C-06;C-05,1,0,0,1,1,0,-0.006668,-0.131527,0.9583,0.5400,0.2716,3,ok
0,301,34.600000,3.797130,-0.896587,1.026000,-0.011274,0.029818,6.902952,0.067907,-0.751245,-0.751245,0.000000,0.334493,0.334493,0.000000,C-06;C-05,1,0,0,1,1,0,-0.003241,-0.095614,0.9583,0.5280,0.2718,3,ok
0,302,34.700000,3.800664,-0.889909,0.992619,-0.010567,-0.003564,6.910474,0.076737,-0.668336,-0.668336,0.000000,0.362762,0.362762,0.000000,C-05,1,0,0,1,1,0,-0.005141,-0.122372,0.9375,0.5288,0.2715,3,ok
0,303,34.820000,3.803612,-0.885138,1.026080,-0.010416,0.029897,6.914438,0.042105,0.714016,0.714016,0.000000,0.188615,0.188615,0.000000,C-06;C-05,1,0,0,1,1,0,-0.014039,-0.139947,0.9375,0.6096,0.2783,3,ok
0,304,34.920000,3.805894,-0.882133,1.063099,-0.010885,0.027736,6.919414,0.037553,0.735977,0.735977,0.000000,0.155254,0.155254,0.000000,C-05,1,0,0,1,1,0,-0.012285,-0.142880,0.9375,0.5908,0.2758,3,ok
0,305,35.020000,3.807758,-0.878818,1.056994,-0.010777,0.021631,6.923216,0.038220,-0.198225,-0.198225,0.000000,0.175204,0.175204,0.000000,C-06;C-05,1,0,0,1,1,0,-0.007294,-0.103001,0.9375,0.5480,0.2741,3,ok
0,306,35.140000,3.809204,-0.876214,1.031090,-0.010678,-0.004273,6.926193,0.023145,-0.454496,-0.454496,0.000000,0.106136,0.106136,0.000000,C-06;C-05,1,0,0,1,1,0,-0.006591,-0.102226,0.9375,0.5528,0.2752,3,ok
0,307,35.240000,3.810476,-0.873495,1.048990,-0.010370,0.013627,6.929178,0.031597,0.432128,0.432128,0.000000,0.151528,0.151528,0.000000,C-06;C-05,1,0,0,1,1,0,-0.011852,-0.111556,0.9375,0.5900,0.2767,3,ok
0,308,35.340000,3.811762,-0.870845,1.065336,-0.010109,0.029973,6.932112,0.029371,0.312015,0.312015,0.000000,0.137227,0.137227,0.000000,C-05,1,0,0,1,1,0,-0.011117,-0.117051,0.9583,0.5885,0.2777,3,ok
0,309,35.460000,3.813247,-0.868126,1.042834,-0.009984,0.007470,6.935208,0.025282,-0.414417,-0.414417,0.000000,0.116031,0.116031,0.000000,C-06;C-05,1,0,0,1,1,0,-0.008974,-0.090451,0.9583,0.5794,0.2782,3,ok
0,310,35.560000,3.814615,-0.865284,1.066537,-0.009694,0.031173,6.938349,0.033018,0.553198,0.553198,0.000000,0.155841,0.155841,0.000000,C-06;C-05,1,0,0,1,1,0,-0.010153,-0.125839,0.9167,0.5738,0.2766,3,ok
0,311,35.680000,3.816529,-0.861626,1.035765,-0.009453,0.000402,6.942470,0.034350,-0.604416,-0.604416,0.000000,0.159993,0.159993,0.000000,C-06;C-05,1,0,0,1,1,0,-0.008205,-0.098374,0.9167,0.5633,0.2776,3,ok
0,312,35.780000,3.818271,-0.858643,1.061371,-0.009413,0.026008,6.945925,0.034713,0.618470,0.618470,0.000000,0.156046,0.156046,0.000000,C-06;C-05,1,0,0,1,1,0,-0.010402,-0.130964,0.9167,0.5726,0.2759,3,ok
0,313,35.880000,3.820037,-0.856151,1.085801,-0.009644,0.050438,6.948970,0.030261,0.461002,0.461002,0.000000,0.126336,0.126336,0.000000,C-06;C-05,1,0,0,1,1,0,-0.009326,-0.124837,0.9167,0.5699,0.2789,3,ok
0,314,36.000000,3.821822,-0.852855,1.064712,-0.009479,0.029348,6.952715,0.031371,-0.411880,-0.411880,0.000000,0.144160,0.144160,0.000000,C-06;C-05,1,0,0,1,1,0,-0.005939,-0.090527,0.9167,0.5569,0.2792,3,ok
0,315,36.100000,3.823627,-0.849266,1.055273,-0.009181,0.019909,6.956721,0.042093,-0.167301,-0.167301,0.000000,0.196023,0.196023,0.000000,C-06;C-05,1,0,0,1,1,0,-0.008036,-0.092622,0.8958,0.5549,0.2786,3,ok
0,316,36.200000,3.825807,-0.844594,1.072569,-0.008646,0.037206,6.961848,0.054142,0.389465,0.389465,0.000000,0.255343,0.255343,0.000000,C-06;C-05,1,0,0,1,1,0,-0.010212,-0.116240,0.9167,0.5683,0.2791,3,ok
0,317,36.320000,3.828413,-0.839966,1.099143,-0.008500,0.063779,6.967158,0.043361,0.435943,0.435943,0.000000,0.191788,0.191788,0.000000,C-05,1,0,0,1,1,0,-0.009646,-0.119089,0.9167,0.5631,0.2781,3,ok
0,318,36.420000,3.829850,-0.837144,1.088660,-0.008281,0.053297,6.969832,0.030081,-0.262680,-0.262680,0.000000,0.137360,0.137360,0.000000,C-06;C-05,1,0,0,1,1,0,-0.007631,-0.065999,0.8958,0.5531,0.2775,3,ok
0,319,36.520000,3.831339,-0.833481,1.068504,-0.007874,-0.008194,6.973853,0.042287,-0.403899,-0.403899,0.000000,0.203225,0.203225,0.000000,C-05,1,0,0,1,1,0,-0.007104,-0.063344,0.8958,0.5513,0.2778,3,ok
0,320,36.640000,3.834390,-0.827089,1.081874,-0.007539,0.005175,6.980927,0.063336,0.255308,0.255308,0.000000,0.294188,0.294188,0.000000,C-06;C-05,1,0,0,1,1,0,-0.005745,-0.188832,0.8542,0.4945,0.2671,3,ok
0,321,36.740000,3.836216,-0.823482,1.085603,-0.007442,0.008905,6.984969,0.038086,0.054504,0.054504,0.000000,0.174619,0.174619,0.000000,C-06;C-05,1,0,0,1,1,0,-0.003969,-0.200433,0.8333,0.4728,0.2672,3,ok
0,322,36.840000,3.839035,-0.818079,1.084923,-0.007371,0.008224,6.991063,0.084658,-0.019061,-0.019061,0.000000,0.412806,0.412806,0.000000,C-06;C-05,1,0,0,1,1,0,-0.004154,-0.184065,0.8750,0.4837,0.2702,3,ok
0,323,36.960000,3.844139,-0.807994,1.094069,-0.007099,0.017371,7.002362,0.094843,0.159060,0.159060,0.000000,0.433596,0.433596,0.000000,C-06;C-05,1,0,0,1,1,0,-0.004108,-0.193202,0.8542,0.4764,0.2661,3,ok
0,324,37.060000,3.849003,-0.798437,1.096325,-0.006865,0.019627,7.013083,0.110259,0.035711,0.035711,0.000000,0.502103,0.502103,0.000000,C-05,1,0,0,1,1,0,-0.004655,-0.180367,0.8333,0.4695,0.2673,3,ok
0,325,37.180000,3.855538,-0.784616,1.112740,-0.006086,0.036042,7.025444,0.134014,0.278613,0.278613,0.000000,0.615958,0.615958,0.000000,C-06;C-05,1,0,0,1,1,0,-0.012362,-0.080025,0.8333,0.5729,0.2620,3,ok
0,326,37.280000,3.860643,-0.774046,1.116150,-0.006217,-0.001626,7.039823,0.116003,0.047238,0.047238,0.000000,0.528416,0.528416,0.000000,C-06;C-05,1,0,0,1,1,0,-0.007946,-0.129800,0.8958,0.5205,0.2644,3,ok
0,327,37.380000,3.865157,-0.764822,1.116795,-0.006279,-0.000981,7.050092,0.101478,0.009195,0.009195,0.000000,0.460950,0.460950,0.000000,C-05,1,0,0,1,1,0,-0.013020,-0.076107,0.9792,0.6021,0.2654,3,ok
0,328,37.500000,3.871106,-0.751608,1.130591,-0.005901,0.012815,7.064578,0.128930,0.230660,0.230660,0.000000,0.592238,0.592238,0.000000,C-06;C-05,1,0,0,1,1,0,-0.009181,-0.155828,0.9167,0.5356,0.2644,2,ok
0,329,37.600000,3.875034,-0.743176,1.134636,-0.005779,0.016861,7.073880,0.088818,0.061306,0.061306,0.000000,0.403304,0.403304,0.000000,C-06;C-05,1,0,0,1,1,0,-0.005873,-0.116624,0.9583,0.4841,0.2548,2,ok
0,330,37.700000,3.878371,-0.736007,1.125733,-0.005673,0.007957,7.080725,0.078039,-0.186360,-0.186360,0.000000,0.355884,0.355884,0.000000,C-06;C-05,1,0,0,1,1,0,-0.003703,-0.155031,0.9167,0.4541,0.2603,2,ok
0,331,37.820000,3.882906,-0.725499,1.138847,-0.005705,-0.018332,7.092997,0.101170,0.228353,0.228353,0.000000,0.466110,0.466110,0.000000,C-06;C-05,1,0,0,1,1,0,-0.003108,-0.177525,0.9583,0.4281,0.2594,2,ok
0,332,37.920000,3.885467,-0.719983,1.144837,-0.005867,-0.012343,7.099076,0.056331,0.102584,0.102584,0.000000,0.254334,0.254334,0.000000,C-06;C-05,1,0,0,1,1,0,-0.009966,-0.159732,0.9375,0.5467,0.2683,3,ok
0,333,38.020000,3.887443,-0.715566,1.146146,-0.005929,-0.011034,7.103916,0.047888,0.019054,0.019054,0.000000,0.218256,0.218256,0.000000,C-05,1,0,0,1,1,0,-0.010446,-0.164197,0.9583,0.5469,0.2668,3,ok
0,334,38.140000,3.889286,-0.711507,1.140981,-0.006010,-0.016198,7.108372,0.036341,-0.087473,-0.087473,0.000000,0.165293,0.165293,0.000000,C-05,1,0,0,1,1,0,0.020268,0.045536,0.6250,0.1245,0.2048,3,ok
0,335,38.240000,3.890670,-0.708470,1.151515,-0.006075,-0.005665,7.111709,0.033125,0.216238,0.216238,0.000000,0.149996,0.149996,0.000000,C-06;C-05,1,0,0,1,1,0,-0.008523,-0.039613,0.6250,0.2629,0.2640,3,ok
0,336,38.340000,3.891989,-0.705706,1.173926,-0.006189,0.016747,7.114769,0.030369,0.431540,0.431540,0.000000,0.134995,0.134995,0.000000,C-06;C-05,1,0,0,1,1,0,-0.008170,-0.035820,0.6042,0.2585,0.2599,3,ok
0,337,38.460000,3.893405,-0.702768,1.180466,-0.006323,0.023287,7.118028,0.026968,0.077503,0.077503,0.000000,0.119541,0.119541,0.000000,C-06;C-05,1,0,0,1,1,0,-0.008109,-0.165502,0.9167,0.5004,0.2615,3,ok
0,338,38.560000,3.894644,-0.698292,1.150483,-0.005684,-0.006697,7.122629,0.066554,-0.621219,-0.621219,0.000000,0.320627,0.320627,0.000000,C-06;C-05,1,0,0,1,1,0,-0.005189,-0.128188,0.9167,0.4897,0.2629,3,ok
0,339,38.680000,3.896719,-0.693117,1.143106,-0.005536,-0.014073,7.128202,0.044720,-0.073278,-0.073278,0.000000,0.205795,0.205795,0.000000,C-06;C-05,1,0,0,1,1,0,-0.007368,-0.173283,0.9167,0.4899,0.2622,3,ok
0,340,38.780000,3.898505,-0.689150,1.161265,-0.005601,0.004086,7.132552,0.043427,0.373265,0.373265,0.000000,0.196153,0.196153,0.000000,C-06;C-05,1,0,0,1,1,0,-0.006944,-0.054078,0.6042,0.2478,0.2599,3,ok
0,341,38.880000,3.900279,-0.685992,1.186106,-0.005976,0.028927,7.135415,0.035541,0.464120,0.464120,0.000000,0.151166,0.151166,0.000000,C-05,1,0,0,1,1,0,-0.013200,-0.054419,0.6042,0.2442,0.2743,3,ok
0,342,39.000000,3.901815,-0.682377,1.170037,-0.006102,-0.024241,7.139883,0.032421,-0.297630,-0.297630,0.000000,0.147736,0.147736,0.000000,C-06;C-05,1,0,0,1,1,0,-0.013337,-0.039851,0.9583,0.6121,0.2812,3,ok
0,343,39.100000,3.903069,-0.678791,1.141638,-0.005956,-0.052641,7.143679,0.039133,-0.556197,-0.556197,0.000000,0.185119,0.185119,0.000000,C-06;C-05,1,0,0,1,1,0,-0.014546,-0.041525,0.9167,0.6080,0.2802,3,ok
0,344,39.200000,3.905121,-0.673548,1.148490,-0.005945,-0.045788,7.149309,0.063876,0.197214,0.197214,0.000000,0.296452,0.296452,0.000000,C-06;C-05,1,0,0,1,1,0,-0.012136,-0.059223,0.6042,0.2436,0.2696,3,ok
0,345,39.320000,3.906437,-0.670229,1.186195,-0.005954,-0.008084,7.152880,0.024179,0.648895,0.648895,0.000000,0.108602,0.108602,0.000000,C-06;C-05,1,0,0,1,1,0,-0.015755,-0.208811,0.8750,0.5717,0.2732,3,ok
0,346,39.420000,3.907535,-0.667405,1.190438,-0.005941,-0.003841,7.155910,0.031393,0.022698,0.022698,0.000000,0.143471,0.143471,0.000000,C-06;C-05,1,0,0,1,1,0,-0.014584,-0.053373,0.9167,0.6109,0.2816,3,ok
0,347,39.520000,3.908573,-0.664808,1.170951,-0.005956,-0.023327,7.158707,0.027291,-0.395633,-0.395633,0.000000,0.124635,0.124635,0.000000,C-06;C-05,1,0,0,1,1,0,-0.013218,-0.040128,0.9167,0.6035,0.2811,3,ok
0,348,39.640000,3.910173,-0.658909,1.130427,-0.005284,-0.063852,7.164782,0.066881,-0.643906,-0.643906,0.000000,0.322711,0.322711,0.000000,C-06;C-05,1,0,0,1,1,0,-0.013991,-0.046506,0.9167,0.6067,0.2807,3,ok
0,349,39.740000,3.912502,-0.653272,1.159291,-0.005385,-0.034988,7.170880,0.059525,0.677479,0.677479,0.000000,0.270789,0.270789,0.000000,C-06;C-05,1,0,0,1,1,0,-0.016389,-0.214675,0.8750,0.5645,0.2715,3,ok
0,350,39.840000,3.914886,-0.647916,1.199857,-0.005642,0.005578,7.176737,0.058859,0.740980,0.740980,0.000000,0.262687,0.262687,0.000000,C-05,1,0,0,1,1,0,-0.014809,-0.225722,0.8333,0.5456,0.2687,2,ok
0,351,39.960000,3.917385,-0.642847,1.216218,-0.006111,0.021939,7.182369,0.046325,0.212456,0.212456,0.000000,0.201629,0.201629,0.000000,C-06;C-05,1,0,0,1,1,0,-0.007632,-0.046087,0.6042,0.2307,0.2651,3,ok
0,352,40.060000,3.919068,-0.638483,1.200740,-0.006079,0.006461,7.187046,0.046888,-0.328935,-0.328935,0.000000,0.213930,0.213930,0.000000,C-06;C-05,1,0,0,1,1,0,-0.012360,-0.022335,0.8958,0.5842,0.2821,3,ok
0,353,40.180000,3.921784,-0.630080,1.180491,-0.005727,-0.047430,7.195682,0.101571,-0.302460,-0.302460,0.000000,0.474708,0.474708,0.000000,C-06;C-05,1,0,0,1,1,0,-0.009151,-0.155687,0.8750,0.5120,0.2710,3,ok
0,354,40.280000,3.924478,-0.623311,1.194053,-0.005985,-0.033868,7.202963,0.068922,0.311452,0.311452,0.000000,0.311816,0.311816,0.000000,C-06;C-05,1,0,0,1,1,0,-0.011029,-0.202621,0.8958,0.5125,0.2707,3,ok
0,355,40.380000,3.927031,-0.617759,1.218233,-0.006520,-0.009688,7.209050,0.060135,0.451168,0.451168,0.000000,0.263959,0.263959,0.000000,C-05,1,0,0,1,1,0,0.019751,0.122585,0.5833,0.2195,0.2093,3,ok
0,356,40.500000,3.928834,-0.612978,1.215209,-0.006607,-0.012712,7.214159,0.040948,-0.085935,-0.085935,0.000000,0.186292,0.186292,0.000000,C-06;C-05,1,0,0,1,1,0,-0.009330,-0.168628,0.8958,0.4988,0.2698,3,ok
0,357,40.600000,3.930286,-0.608614,1.199695,-0.006505,-0.028226,7.218757,0.046899,-0.301230,-0.301230,0.000000,0.217362,0.217362,0.000000,C-06;C-05,1,0,0,1,1,0,-0.013487,0.157570,0.6250,0.2990,0.2594,3,ok
0,358,40.700000,3.932645,-0.602146,1.194086,-0.006549,-0.033835,7.225643,0.092516,-0.077823,-0.077823,0.000000,0.601867,0.601867,0.000000,C-06;C-05,1,0,0,1,1,0,-0.016199,-0.076934,0.8750,0.5959,0.2633,2,ok
0,359,40.820000,3.936362,-0.592648,1.219494,-0.006851,-0.008426,7.235837,0.083649,0.421073,0.421073,0.000000,0.376746,0.376746,0.000000,C-06;C-05,1,0,0,1,1,0,-0.018386,-0.103285,0.8750,0.5967,0.2661,2,ok
0,360,40.920000,3.939446,-0.585261,1.235197,-0.007268,0.007276,7.243527,0.079857,0.263364,0.263364,0.000000,0.354703,0.354703,0.000000,C-06;C-05,1,0,0,1,1,0,-0.019411,-0.102956,0.8958,0.6290,0.2732,2,ok
0,361,41.020000,3.941460,-0.579621,1.236241,-0.007489,-0.022562,7.249552,0.057908,-0.004687,-0.004687,0.000000,0.263062,0.263062,0.000000,C-06;C-05,1,0,0,1,1,0,-0.019754,-0.036201,0.8750,0.6514,0.2680,3,ok
0,362,41.140000,3.944271,-0.570842,1.229340,-0.007515,-0.029463,7.258770,0.083820,-0.107789,-0.107789,0.000000,0.384819,0.384819,0.000000,C-06;C-05,1,0,0,1,1,0,-0.019754,-0.036201,0.8750,0.6514,0.2680,3,ok
0,363,41.240000,3.947849,-0.560683,1.229286,-0.007855,-0.029517,7.269535,0.131507,0.007140,0.007140,0.000000,0.663433,0.663433,0.000000,C-06;C-05,1,0,0,1,1,0,0.035228,0.072164,0.6250,0.0281,0.1493,3,ok
0,364,41.340000,3.951355,-0.550164,1.242026,-0.008017,-0.016777,7.280622,0.107816,0.252223,0.252223,0.000000,0.491722,0.491722,0.000000,C-06;C-05,1,0,0,1,1,0,-0.020150,-0.079159,0.9375,0.6401,0.2648,2,ok
0,365,41.460000,3.955162,-0.539704,1.275141,-0.008484,0.016338,7.291744,0.090635,0.517303,0.517303,0.000000,0.403930,0.403930,0.000000,C-06;C-05,1,0,0,1,1,0,-0.017178,-0.127409,0.9375,0.5917,0.2680,2,ok
0,366,41.560000,3.957885,-0.530730,1.254677,-0.008460,-0.034049,7.300901,0.094577,-0.461029,-0.461029,0.000000,0.433570,0.433570,0.000000,C-06;C-05,1,0,0,1,1,0,-0.002689,0.086714,0.6250,0.1385,0.2314,3,ok
0,367,41.680000,3.961779,-0.518419,1.255342,-0.008789,-0.033385,7.313808,0.110537,0.045864,0.045864,0.000000,0.503784,0.503784,0.000000,C-06;C-05,1,0,0,1,1,0,0.002157,0.202689,0.6042,0.3182,0.2191,3,ok
0,368,41.780000,3.964135,-0.511192,1.255203,-0.009049,-0.033523,7.321405,0.072069,-0.007170,-0.007170,0.000000,0.327354,0.327354,0.000000,C-06;C-05,1,0,0,1,1,0,-0.019239,-0.085396,0.9583,0.6264,0.2587,3,ok
0,369,41.880000,3.966226,-0.504803,1.268670,-0.009287,-0.020057,7.328123,0.066647,0.256911,0.256911,0.000000,0.301569,0.301569,0.000000,C-06;C-05,1,0,0,1,1,0,-0.020082,-0.099741,0.9583,0.6292,0.2622,2,ok
0,370,42.000000,3.967942,-0.499504,1.266190,-0.009467,-0.022536,7.333690,0.044867,-0.055623,-0.055623,0.000000,0.203284,0.203284,0.000000,C-06;C-05,1,0,0,1,1,0,0.014107,0.179807,0.6042,0.3155,0.1922,3,ok
0,371,42.100000,3.969302,-0.495162,1.267107,-0.009570,-0.021620,7.338240,0.045575,0.022116,0.022116,0.000000,0.207238,0.207238,0.000000,C-05,1,0,0,1,1,0,-0.021218,-0.058434,0.9375,0.6513,0.2575,2,ok
0,372,42.200000,3.970579,-0.491063,1.279551,-0.009661,-0.009175,7.342532,0.042680,0.229452,0.229452,0.000000,0.193371,0.193371,0.000000,C-06;C-05,1,0,0,1,1,0,-0.017683,-0.126175,0.8958,0.5844,0.2646,3,ok
0,373,42.320000,3.972105,-0.486166,1.295114,-0.009771,0.006388,7.347659,0.042817,0.219401,0.219401,0.000000,0.193168,0.193168,0.000000,C-05,1,0,0,1,1,0,-0.021532,-0.075149,0.9167,0.6433,0.2589,3,ok
0,374,42.420000,3.973313,-0.481579,1.276226,-0.009659,-0.012500,7.350842,0.048167,-0.365157,-0.365157,0.000000,0.221460,0.221460,0.000000,C-06;C-05,1,0,0,1,1,0,-0.020865,0.011325,0.9375,0.6621,0.2769,3,ok
0,375,42.520000,3.974819,-0.476144,1.271555,-0.009792,-0.045556,7.357777,0.057915,-0.057614,-0.057614,0.000000,0.265235,0.265235,0.000000,C-06;C-05,1,0,0,1,1,0,-0.016640,-0.107793,0.9583,0.5900,0.2668,3,ok
0,376,42.640000,3.976830,-0.469019,1.267092,-0.009951,-0.050019,7.365178,0.062018,-0.064128,-0.064128,0.000000,0.284118,0.284118,0.000000,C-05,1,0,0,1,1,0,-0.021102,-0.111186,0.9375,0.6466,0.2687,3,ok
0,377,42.740000,3.978461,-0.463798,1.269963,-0.010220,-0.047148,7.370642,0.054105,0.058973,0.058973,0.000000,0.245618,0.245618,0.000000,C-05,1,0,0,1,1,0,-0.023509,-0.125519,0.8958,0.6626,0.2705,3,ok
0,378,42.840000,3.979568,-0.460141,1.283871,-0.010374,-0.033240,7.374459,0.036481,0.261767,0.261767,0.000000,0.165239,0.165239,0.000000,C-06;C-05,1,0,0,1,1,0,-0.015257,0.008422,0.6042,0.2869,0.2540,3,ok
0,379,42.960000,3.980862,-0.456142,1.300560,-0.010624,-0.016551,7.378656,0.035004,0.233500,0.233500,0.000000,0.157097,0.157097,0.000000,C-05,1,0,0,1,1,0,-0.022956,-0.120521,0.8750,0.6545,0.2720,3,ok
0,380,43.060000,3.981938,-0.452583,1.306416,-0.010772,-0.010696,7.382371,0.037412,0.087918,0.087918,0.000000,0.168758,0.168758,0.000000,C-05,1,0,0,1,1,0,-0.025218,-0.017676,0.9167,0.7235,0.2652,3,ok
0,381,43.180000,3.983176,-0.446904,1.286537,-0.010545,-0.030574,7.388178,0.050968,-0.314077,-0.314077,0.000000,0.236296,0.236296,0.000000,C-06;C-05,1,0,0,1,1,0,-0.024931,-0.008412,0.9375,0.7221,0.2664,3,ok
0,382,43.280000,3.984217,-0.441258,1.269142,-0.010137,-0.047969,7.393905,0.058179,-0.295867,-0.295867,0.000000,0.272389,0.272389,0.000000,C-05,1,0,0,1,1,0,-0.025271,-0.047634,0.9167,0.7116,0.2650,3,ok
0,383,43.380000,3.985355,-0.437248,1.290018,-0.010232,-0.027093,7.398072,0.038660,0.431957,0.431957,0.000000,0.174754,0.174754,0.000000,C-06;C-05,1,0,0,1,1,0,0.020040,0.054033,0.6250,0.3517,0.1705,3,ok
0,384,43.500000,3.986730,-0.432854,1.315999,-0.010461,-0.001112,7.402670,0.038438,0.358708,0.358708,0.000000,0.172391,0.172391,0.000000,C-05,1,0,0,1,1,0,0.015068,0.062534,0.6250,0.3509,0.1810,3,ok
0,385,43.600000,3.987635,-0.429422,1.316101,-0.010476,-0.001010,7.404250,0.035183,-0.030958,-0.030958,0.000000,0.159965,0.159965,0.000000,C-06;C-05,1,0,0,1,1,0,-0.007325,0.026985,0.5000,0.6824,0.2324,3,single_line
0,386,43.700000,3.988564,-0.424079,1.296760,-0.010238,-0.046136,7.411339,0.069511,-0.369976,-0.369976,0.000000,0.324984,0.324984,0.000000,C-06;C-05,1,0,0,1,1,0,-0.020653,-0.033297,0.9167,0.6827,0.2639,3,ok
0,387,43.820000,3.990481,-0.413746,1.272621,-0.009798,-0.070275,7.421839,0.093419,-0.339974,-0.339974,0.000000,0.434958,0.434958,0.000000,C-06;C-05,1,0,0,1,1,0,-0.023336,-0.046895,0.8958,0.6955,0.2651,2,ok
0,388,43.920000,3.993076,-0.403958,1.306077,-0.010140,-0.036819,7.431959,0.103735,0.686494,0.686494,0.000000,0.472419,0.472419,0.000000,C-06;C-05,1,0,0,1,1,0,-0.035154,0.002886,0.8333,0.8032,0.2673,2,ok
0,389,44.020000,3.995393,-0.397184,1.332306,-0.010885,-0.010590,7.439080,0.068231,0.438448,0.438448,0.000000,0.300884,0.300884,0.000000,C-06;C-05,1,0,0,1,1,0,-0.004788,0.144861,0.5833,0.3011,0.2360,3,ok
0,390,44.140000,3.997717,-0.387244,1.331053,-0.010928,-0.011843,7.449288,0.091500,-0.048365,-0.048365,0.000000,0.417442,0.417442,0.000000,C-06;C-05,1,0,0,1,1,0,-0.028556,0.054182,0.8333,0.7675,0.2659,3,ok
0,391,44.240000,4.000141,-0.376085,1.323638,-0.010797,-0.019258,7.457497,0.137850,-0.129061,-0.129061,0.000000,0.699988,0.699988,0.000000,C-06;C-05,1,0,0,1,1,0,-0.023973,-0.001192,0.8542,0.7021,0.2679,3,ok
0,392,44.340000,4.003973,-0.359955,1.317717,-0.011397,-0.050795,7.477017,0.181506,-0.095664,-0.095664,0.000000,0.828151,0.828151,0.000000,C-06;C-05,1,0,0,1,1,0,-0.001752,0.102383,0.6042,0.3727,0.2128,3,ok
0,393,44.460000,4.008002,-0.344261,1.323156,-0.012204,-0.045355,7.493201,0.130525,0.091408,0.091408,0.000000,0.592478,0.592478,0.000000,C-06;C-05,1,0,0,1,1,0,0.017047,0.111362,0.6250,0.3969,0.1654,3,ok
0,394,44.560000,4.009535,-0.338065,1.332427,-0.012466,-0.036085,7.499578,0.055799,0.176359,0.176359,0.000000,0.253152,0.253152,0.000000,C-06;C-05,1,0,0,1,1,0,-0.024296,-0.130759,0.9375,0.6840,0.2680,2,ok
0,395,44.680000,4.011127,-0.328844,1.355801,-0.012181,-0.012711,7.508931,0.088952,0.330795,0.330795,0.000000,0.409440,0.409440,0.000000,C-06;C-05,1,0,0,1,1,0,-0.008529,-0.051070,0.5000,0.6348,0.2372,3,single_line
0,396,44.780000,4.012533,-0.321248,1.361124,-0.012180,-0.032299,7.516373,0.076171,0.063980,0.063980,0.000000,0.347832,0.347832,0.000000,C-06;C-05,1,0,0,1,1,0,0.013666,0.122328,0.6250,0.3877,0.1761,3,ok
0,397,44.880000,4.013935,-0.314825,1.336377,-0.012421,-0.057045,7.522942,0.062954,-0.474066,-0.474066,0.000000,0.286714,0.286714,0.000000,C-06;C-05,1,0,0,1,1,0,0.014740,0.134314,0.6042,0.3926,0.1753,3,ok
0,398,45.000000,4.015571,-0.309790,1.320193,-0.013138,-0.073230,7.528188,0.042768,-0.211043,-0.211043,0.000000,0.190215,0.190215,0.000000,C-06;C-05,1,0,0,1,1,0,-0.007305,0.055094,0.5000,0.7887,0.2150,3,single_line
0,399,45.100000,4.016674,-0.305684,1.331754,-0.013497,-0.061669,7.532425,0.042592,0.233957,0.233957,0.000000,0.192809,0.192809,0.000000,C-06;C-05,1,0,0,1,1,0,-0.030347,-0.064699,0.8958,0.7772,0.2570,2,ok
0,400,45.200000,4.017718,-0.299357,1.370665,-0.013402,-0.022757,7.538836,0.088076,0.704077,0.704077,0.000000,0.543292,0.543292,0.000000,C-06;C-05,1,0,0,1,1,0,-0.040206,-0.071469,0.8958,0.8954,0.2744,2,ok
