episode,step,x,y,yaw,ey,epsi,s,speed,raw_steer,safe_steer,steer_correction,interventions,emergency,joint_envelope_violated,oscillation_persistent,cv_ok,cv_state_available,cv_perception_invalid,cv_ey,cv_epsi,cv_confidence,cv_curvature,cv_lane_width,cv_n_lines,cv_reason
0,1,-0.837049,-1.617898,-0.025003,0.004602,-0.025003,2.001886,0.042126,0.116454,0.116454,0.000000,,0,0,0,1,1,0,0.011219,-0.033883,0.7500,-0.0503,0.2688,2,ok
0,2,-0.827862,-1.617969,-0.022210,0.004531,-0.022210,2.011074,0.105715,0.027467,0.027467,0.000000,,0,0,0,1,1,0,0.011240,-0.029179,0.7292,-0.0457,0.2691,2,ok
0,3,-0.811058,-1.618269,-0.034109,0.004231,-0.034109,2.027878,0.169266,-0.157781,-0.157781,0.000000,C-06,0,0,0,1,1,0,0.012064,-0.026280,0.7500,-0.0514,0.2682,2,ok
0,4,-0.791813,-1.618603,-0.042801,0.003897,-0.042801,2.047123,0.199851,-0.123611,-0.123611,0.000000,,0,0,0,1,1,0,0.010490,-0.035062,0.7292,-0.0435,0.2682,2,ok
0,5,-0.767826,-1.619543,-0.018244,0.002957,-0.018244,2.071109,0.200125,0.339339,0.339339,0.000000,C-06,0,0,0,1,1,0,0.008808,-0.042571,0.7083,-0.0461,0.2659,2,ok
0,6,-0.747827,-1.620352,0.009878,0.002148,0.009878,2.091109,0.200157,0.402867,0.402867,0.000000,,0,0,0,1,1,0,0.010671,-0.030358,0.6667,-0.0576,0.2649,2,ok
0,7,-0.727828,-1.620225,0.011496,0.002275,0.011496,2.111107,0.199997,-0.008114,-0.008114,0.000000,C-06,0,0,0,1,1,0,0.012820,-0.004437,0.6875,-0.0541,0.2663,2,ok
0,8,-0.703830,-1.619978,0.014765,0.002522,0.014765,2.135105,0.199989,0.041925,0.041925,0.000000,,0,0,0,1,1,0,0.013898,0.009860,0.7292,-0.0432,0.2677,2,ok
0,9,-0.683833,-1.619760,0.016852,0.002740,0.016852,2.155103,0.199995,-0.292650,-0.292650,0.000000,C-06,0,0,0,1,1,0,0.014164,0.012359,0.7917,-0.0356,0.2679,2,ok
0,10,-0.659834,-1.619342,-0.019562,0.003158,-0.019562,2.179101,0.199998,-0.443336,-0.443336,0.000000,C-06,0,0,0,1,1,0,0.015010,0.014429,0.7917,-0.0418,0.2673,2,ok
0,11,-0.639841,-1.619362,-0.029173,0.003138,-0.029173,2.199095,0.199921,-0.110496,-0.110496,0.000000,C-06,0,0,0,1,1,0,0.011402,-0.012133,0.7917,-0.0349,0.2684,2,ok
0,12,-0.619849,-1.619916,-0.028032,0.002584,-0.028032,2.219086,0.200008,0.027789,0.027789,0.000000,,0,0,0,1,1,0,0.009897,-0.029246,0.7500,-0.0483,0.2669,2,ok
0,13,-0.599860,-1.620476,-0.038341,0.002024,-0.038341,2.239076,0.199936,-0.167900,-0.167900,0.000000,C-06,0,0,0,1,1,0,0.008759,-0.029750,0.7500,-0.0365,0.2664,2,ok
0,14,-0.575875,-1.621368,-0.030473,0.001132,-0.030473,2.263061,0.200048,0.116138,0.116138,0.000000,C-06,0,0,0,1,1,0,0.007573,-0.035873,0.7083,-0.0402,0.2666,2,ok
0,15,-0.555881,-1.622125,-0.016350,0.000375,-0.016350,2.283055,0.200114,0.208313,0.208313,0.000000,,0,0,0,1,1,0,0.006947,-0.040208,0.6875,-0.0422,0.2673,2,ok
0,16,-0.535881,-1.622882,0.007519,-0.000382,0.007519,2.303054,0.200139,0.353165,0.353165,0.000000,,0,0,0,1,1,0,0.008331,-0.027542,0.6875,-0.0540,0.2652,2,ok
0,17,-0.515883,-1.623068,0.015437,-0.000568,0.015437,2.323053,0.199979,0.091176,0.091176,0.000000,C-06,0,0,0,1,1,0,0.009465,-0.005004,0.7292,-0.0455,0.2659,2,ok
0,18,-0.491887,-1.622927,0.020287,-0.000427,0.020287,2.347049,0.199967,0.055397,0.055397,0.000000,,0,0,0,1,1,0,0.010193,0.006380,0.7292,-0.0367,0.2671,2,ok
0,19,-0.467890,-1.622465,0.013296,0.000035,0.013296,2.371045,0.200021,-0.094764,-0.094764,0.000000,C-06,0,0,0,1,1,0,0.011893,0.016379,0.7708,-0.0431,0.2658,2,ok
0,20,-0.447891,-1.622065,0.006330,0.000435,0.006330,2.391044,0.200035,-0.099420,-0.099420,0.000000,,0,0,0,1,1,0,0.011013,0.014719,0.7500,-0.0205,0.2673,2,ok
0,21,-0.427892,-1.621665,-0.001250,0.000835,-0.001250,2.411044,0.200040,-0.107853,-0.107853,0.000000,,0,0,0,1,1,0,0.011106,0.008040,0.7708,-0.0365,0.2673,2,ok
0,22,-0.407893,-1.621666,0.021270,0.000834,0.021270,2.431043,0.199961,0.381732,0.381732,0.000000,C-06,0,0,0,1,1,0,0.010667,-0.000217,0.7292,-0.0438,0.2664,2,ok
0,23,-0.383896,-1.621181,0.007879,0.001319,0.007879,2.455039,0.200040,-0.202773,-0.202773,0.000000,C-06,0,0,0,1,1,0,0.011701,0.010085,0.7292,-0.0331,0.2674,2,ok
0,24,-0.363897,-1.620746,-0.020264,0.001754,-0.020264,2.475038,0.200013,-0.422434,-0.422434,0.000000,C-06,0,0,0,1,1,0,0.012059,0.007302,0.7083,-0.0353,0.2667,2,ok
0,25,-0.343900,-1.621098,0.030900,0.001402,0.030900,2.495035,0.199968,1.000000,1.000000,0.000000,C-06,0,0,0,1,1,0,0.009642,-0.019090,0.6875,-0.0487,0.2667,2,ok
0,26,-0.323946,-1.621509,0.098686,0.000991,0.098686,2.514990,0.199139,1.000000,1.000000,0.000000,,0,0,0,1,1,0,0.014837,0.021458,0.7292,-0.0507,0.2669,2,ok
0,27,-0.300098,-1.620091,0.122933,0.002409,0.122933,2.538837,0.199076,0.255512,0.255512,0.000000,C-06,0,0,0,1,1,0,0.022797,0.089892,0.7292,-0.0400,0.2649,3,ok
0,28,-0.276276,-1.617226,0.118825,0.005274,0.118825,2.562660,0.200082,-0.073425,-0.073425,0.000000,C-06,0,0,0,1,1,0,0.027188,0.115148,0.7292,-0.0416,0.2676,3,ok
0,29,-0.256408,-1.614782,0.111211,0.007718,0.111211,2.582527,0.200252,-0.120505,-0.120505,0.000000,,0,0,0,1,1,0,0.028942,0.120916,0.7083,-0.0308,0.2655,3,ok
0,30,-0.232564,-1.612088,0.117211,0.010412,0.117211,2.606372,0.199888,0.087837,0.087837,0.000000,C-06,0,0,0,1,1,0,0.030114,0.119381,0.7292,-0.0375,0.2653,3,ok
0,31,-0.208710,-1.609283,0.101457,0.013217,0.101457,2.630226,0.200331,-0.223103,-0.223103,0.000000,C-06,0,0,0,1,1,0,0.036029,0.111085,0.6875,-0.0628,0.2675,3,ok
0,32,-0.184798,-1.606470,0.067007,0.016030,0.067007,2.654137,0.200901,-0.450392,-0.450392,0.000000,C-06,0,0,0,1,1,0,0.036890,0.104311,0.6458,-0.0535,0.2678,3,ok
0,33,-0.160829,-1.603657,0.032330,0.018843,0.032330,2.678106,0.201255,-0.420682,-0.420682,0.000000,,0,0,0,1,1,0,0.034746,0.067696,0.6458,-0.0349,0.2671,3,ok
0,34,-0.136844,-1.602771,0.040127,0.019729,0.040127,2.702092,0.199941,0.134785,0.134785,0.000000,C-06,0,0,0,1,1,0,0.032862,0.043875,0.6458,-0.0267,0.2660,3,ok
0,35,-0.116864,-1.602145,0.049522,0.020355,0.049522,2.722072,0.199858,0.136973,0.136973,0.000000,,0,0,0,1,1,0,0.034568,0.035979,0.7083,-0.0481,0.2644,3,ok
0,36,-0.092911,-1.601394,0.076833,0.021106,0.076833,2.746024,0.199528,0.355852,0.355852,0.000000,C-06,0,0,0,1,1,0,0.036357,0.045186,0.7083,-0.0491,0.2663,3,ok
0,37,-0.068975,-1.599652,0.065665,0.022848,0.065665,2.769961,0.200129,-0.176568,-0.176568,0.000000,C-06,0,0,0,1,1,0,0.039786,0.073181,0.7292,-0.0288,0.2658,3,ok
0,38,-0.045015,-1.597842,0.048896,0.024658,0.048896,2.793921,0.200321,-0.206690,-0.206690,0.000000,,0,0,0,1,1,0,0.041168,0.073866,0.7292,-0.0344,0.2664,3,ok
0,39,-0.025037,-1.596750,0.045880,0.025750,0.045880,2.813899,0.200059,-0.029721,-0.029721,0.000000,C-06,0,0,0,1,1,0,0.041951,0.048607,0.6875,-0.0536,0.2670,3,ok
0,40,-0.001063,-1.595595,0.047915,0.026905,0.047915,2.836035,0.200001,0.028246,0.028246,0.000000,,0,0,0,1,1,0,0.041882,0.044627,0.6875,-0.0388,0.2661,3,ok
0,41,0.022919,-1.594443,0.024626,0.028057,0.024626,2.861855,0.200164,-0.314201,-0.314201,0.000000,C-06,0,0,0,1,1,0,0.042938,0.047482,0.6875,-0.0386,0.2664,3,ok
0,42,0.046917,-1.593290,0.002229,0.029210,0.002229,2.885852,0.200229,-0.262555,-0.262555,0.000000,,0,0,0,1,1,0,0.043384,0.033574,0.6250,-0.0534,0.2676,3,ok
0,43,0.066916,-1.593196,0.014917,0.029304,0.014917,2.905852,0.199980,0.233894,0.233894,0.000000,C-06,0,0,0,1,1,0,0.040457,0.005205,0.6667,-0.0401,0.2673,3,ok
0,44,0.090912,-1.593047,0.020517,0.029453,0.020517,2.929848,0.199966,0.056213,0.056213,0.000000,C-06,0,0,0,1,1,0,0.041606,0.011057,0.6875,-0.0442,0.2662,3,ok
0,45,0.114904,-1.592830,0.031670,0.029670,0.031670,2.953840,0.199911,0.139116,0.139116,0.000000,,0,0,0,1,1,0,0.041921,0.017947,0.7083,-0.0430,0.2652,3,ok
0,46,0.138894,-1.592111,0.023918,0.030389,0.023918,2.977830,0.200038,-0.109689,-0.109689,0.000000,C-06,0,0,0,1,1,0,0.043925,0.030002,0.7292,-0.0324,0.2662,3,ok
0,47,0.162885,-1.591539,0.033360,0.030961,0.033360,3.001820,0.199947,0.127918,0.127918,0.000000,C-06,0,0,0,1,1,0,0.044801,0.024063,0.7083,-0.0499,0.2671,3,ok
0,48,0.182873,-1.590950,0.035583,0.031550,0.035583,3.021808,0.199968,0.023771,0.023771,0.000000,,0,0,0,1,1,0,0.045207,0.027796,0.7083,-0.0414,0.2673,3,ok
0,49,0.206863,-1.590123,0.017099,0.032377,0.017099,3.045799,0.200088,-0.250804,-0.250804,0.000000,C-06,0,0,0,1,1,0,0.046244,0.036405,0.6875,-0.0436,0.2656,3,ok
0,50,0.230862,-1.589290,-0.006330,0.033210,-0.006330,3.069798,0.200118,-0.278732,-0.278732,0.000000,,0,0,0,1,1,0,0.046062,0.017490,0.6458,-0.0504,0.2673,3,ok
0,51,0.254862,-1.589406,0.001160,0.033094,0.001160,3.093797,0.200006,0.115450,0.115450,0.000000,C-06,0,0,0,1,1,0,0.043903,0.002650,0.6667,-0.0456,0.2663,3,ok
0,52,0.278858,-1.589586,0.030491,0.032914,0.030491,3.117794,0.199921,0.372424,0.372424,0.000000,C-06,0,0,0,1,1,0,0.043363,0.000598,0.7083,-0.0321,0.2645,3,ok
0,53,0.298845,-1.589450,0.041389,0.033050,0.041389,3.136335,0.199848,0.140977,0.140977,0.000000,C-06,0,0,0,1,1,0,0.046674,0.022125,0.6875,-0.0451,0.2658,3,ok
0,54,0.322830,-1.588546,0.025384,0.033954,0.025384,3.161766,0.200085,-0.221766,-0.221766,0.000000,C-06,0,0,0,1,1,0,0.049164,0.036040,0.7083,-0.0477,0.2687,3,ok
0,55,0.346826,-1.587605,0.012046,0.034895,0.012046,3.185762,0.200137,-0.156243,-0.156243,0.000000,,0,0,0,1,1,0,0.047740,0.035798,0.7292,-0.0283,0.2668,3,ok
0,56,0.366824,-1.587331,0.020528,0.035169,0.020528,3.205759,0.199974,0.146806,0.146806,0.000000,C-06,0,0,0,1,1,0,0.047638,0.013065,0.7083,-0.0461,0.2674,3,ok
0,57,0.390816,-1.587048,0.029349,0.035452,0.029349,3.229751,0.199930,0.102648,0.102648,0.000000,,0,0,0,1,1,0,0.048377,0.020675,0.6667,-0.0460,0.2663,3,ok
0,58,0.414811,-1.586428,0.003252,0.036072,0.003252,3.253747,0.200069,-0.356987,-0.356987,0.000000,C-06,0,0,0,1,1,0,0.048383,0.030922,0.6875,-0.0236,0.2658,3,ok
0,59,0.438809,-1.585787,-0.023584,0.036713,-0.023584,3.277745,0.200021,-0.315713,-0.315713,0.000000,,0,0,0,1,1,0,0.048076,0.004865,0.6458,-0.0480,0.2669,3,ok
0,60,0.462805,-1.586294,-0.008513,0.036206,-0.008513,3.301741,0.200044,0.206459,0.206459,0.000000,C-06,0,0,0,1,1,0,0.048076,0.004865,0.6458,-0.0480,0.2669,3,ok
0,61,0.482805,-1.586753,0.005853,0.035747,0.005853,3.321741,0.200050,0.203223,0.203223,0.000000,,0,0,0,1,1,0,0.045701,-0.014723,0.7083,-0.0470,0.2659,3,ok
0,62,0.506804,-1.586949,0.013265,0.035551,0.013265,3.345740,0.199985,0.082583,0.082583,0.000000,,0,0,0,1,1,0,0.045123,0.003316,0.7292,-0.0149,0.2649,3,ok
0,63,0.530799,-1.587038,0.025552,0.035462,0.025552,3.369735,0.199939,0.150946,0.150946,0.000000,,0,0,0,1,1,0,0.047497,0.009666,0.7083,-0.0291,0.2673,3,ok
0,64,0.554791,-1.586537,0.028118,0.035963,0.028118,3.393726,0.199975,0.023243,0.023243,0.000000,,0,0,0,1,1,0,0.048399,0.017519,0.7292,-0.0415,0.2672,3,ok
0,65,0.578786,-1.585890,0.005415,0.036610,0.005415,3.417722,0.200069,-0.302027,-0.302027,0.000000,C-06,0,0,0,1,1,0,0.050191,0.026700,0.6875,-0.0388,0.2673,3,ok
0,66,0.602786,-1.585569,-0.000071,0.036931,-0.000071,3.441722,0.200011,-0.049773,-0.049773,0.000000,C-06,0,0,0,1,1,0,0.049246,0.010920,0.6667,-0.0502,0.2669,3,ok
0,67,0.626785,-1.585321,-0.012940,0.037179,-0.012940,3.465721,0.199995,-0.158882,-0.158882,0.000000,,0,0,0,1,1,0,0.048207,0.000095,0.6667,-0.0440,0.2679,3,ok
0,68,0.650785,-1.585588,0.008901,0.036912,0.008901,3.486835,0.200009,0.298848,0.298848,0.000000,C-06,0,0,0,1,1,0,0.046415,-0.008027,0.6667,-0.0393,0.2646,3,ok
0,69,0.670779,-1.585837,0.036390,0.036663,0.036390,3.509715,0.199894,0.402930,0.402930,0.000000,,0,0,0,1,1,0,0.047104,-0.008322,0.6458,-0.0519,0.2653,3,ok
0,70,0.694765,-1.585053,0.029782,0.037447,0.029782,3.533700,0.200037,-0.115180,-0.115180,0.000000,C-06,0,0,0,1,1,0,0.051266,0.023500,0.6458,-0.0392,0.2674,3,ok
0,71,0.718757,-1.584194,0.019661,0.038306,0.019661,3.557693,0.200088,-0.121519,-0.121519,0.000000,,0,0,0,1,1,0,0.052350,0.030545,0.7083,-0.0446,0.2679,3,ok
0,72,0.742754,-1.583339,0.010071,0.039161,0.010071,3.581690,0.200107,-0.113637,-0.113637,0.000000,,0,0,0,1,1,0,0.052130,0.021714,0.7083,-0.0445,0.2680,3,ok
0,73,0.766754,-1.582548,-0.002507,0.039952,-0.002507,3.605690,0.200089,-0.150064,-0.150064,0.000000,,0,0,0,1,1,0,0.051572,0.014517,0.6667,-0.0344,0.2680,3,ok
0,74,0.786754,-1.582567,0.001422,0.039933,0.001422,3.625690,0.200001,0.072412,0.072412,0.000000,C-06,0,0,0,1,1,0,0.050226,-0.000642,0.6458,-0.0283,0.2655,3,ok
0,75,0.810754,-1.582531,-0.000233,0.039969,-0.000233,3.649690,0.200000,-0.025407,-0.025407,0.000000,,0,0,0,1,1,0,0.050920,0.000604,0.6458,-0.0417,0.2671,3,ok
0,76,0.834752,-1.582488,-0.025295,0.040012,-0.025295,3.673687,0.199942,-0.327075,-0.327075,0.000000,C-06,0,0,0,1,1,0,0.050606,0.000211,0.6250,-0.0363,0.2665,3,ok
0,77,0.858746,-1.583059,-0.013772,0.039441,-0.013772,3.697682,0.200044,0.174015,0.174015,0.000000,C-06,0,0,0,1,1,0,0.046076,-0.020467,0.6042,-0.0051,0.2648,3,ok
0,78,0.882746,-1.583671,0.004629,0.038829,0.004629,3.721681,0.200064,0.219462,0.219462,0.000000,,0,0,0,1,1,0,0.047068,-0.012961,0.6667,-0.0198,0.2645,3,ok
0,79,0.902745,-1.584088,0.015428,0.038412,0.015428,3.741680,0.200004,0.147827,0.147827,0.000000,,0,0,0,1,1,0,0.050328,-0.007174,0.6667,-0.0526,0.2665,3,ok
0,80,0.926743,-1.583746,0.009146,0.038754,0.009146,3.765678,0.200015,-0.085712,-0.085712,0.000000,C-06,0,0,0,1,1,0,0.049220,0.012182,0.6875,-0.0056,0.2635,3,ok
0,81,0.950742,-1.583374,0.001242,0.039126,0.001242,3.787135,0.200024,-0.093690,-0.093690,0.000000,,0,0,0,1,1,0,0.050201,0.011418,0.6458,-0.0393,0.2638,2,ok
0,82,0.970742,-1.583175,-0.002442,0.039325,-0.002442,3.809678,0.200006,-0.048449,-0.048449,0.000000,,0,0,0,1,1,0,0.052869,0.006586,0.6875,-0.1210,0.2692,2,ok
0,83,0.994742,-1.583197,0.000804,0.039303,0.000804,3.833678,0.200000,0.044019,0.044019,0.000000,,0,0,0,1,1,0,0.053814,-0.002163,0.6250,-0.1554,0.2706,3,ok
0,84,1.018741,-1.583176,-0.014035,0.039324,-0.014035,3.857677,0.199982,-0.195792,-0.195792,0.000000,C-06,0,0,0,1,1,0,0.053753,-0.000567,0.6250,-0.1680,0.2704,2,ok
0,85,1.042738,-1.583385,-0.017653,0.039115,-0.017653,3.881674,0.199980,-0.033503,-0.033503,0.000000,C-06,0,0,0,1,1,0,0.053329,-0.010671,0.5625,-0.1909,0.2736,3,ok
0,86,1.066737,-1.583781,0.008354,0.038719,0.008354,3.905672,0.200024,0.351036,0.351036,0.000000,C-06,0,0,0,1,1,0,0.050062,-0.013574,0.5833,-0.1681,0.2678,3,ok
0,87,1.086735,-1.583924,0.016154,0.038576,0.016154,3.925671,0.199976,0.092701,0.092701,0.000000,C-06,0,0,0,1,1,0,0.055191,0.005690,0.6250,-0.2754,0.2643,3,ok
0,88,1.110733,-1.583565,0.008593,0.038935,0.008593,3.949669,0.200018,-0.103164,-0.103164,0.000000,C-06,0,0,0,1,1,0,0.053533,0.023730,0.6667,-0.2406,0.2622,3,ok
0,89,1.134732,-1.583360,0.008318,0.039140,0.008318,3.973668,0.200000,0.002961,0.002961,0.000000,,0,0,0,1,1,0,0.052020,0.023940,0.6667,-0.2272,0.2617,3,ok
0,90,1.158732,-1.583166,0.006671,0.039334,0.006671,3.997667,0.200002,-0.020883,-0.020883,0.000000,,0,0,0,1,1,0,0.050307,0.028989,0.6875,-0.2177,0.2598,3,ok
0,91,1.182731,-1.582972,0.001186,0.039528,0.001186,4.021667,0.200006,-0.067604,-0.067604,0.000000,,0,0,0,1,1,0,0.049317,0.036430,0.6875,-0.1959,0.2630,3,ok
0,92,1.202731,-1.582810,-0.006614,0.039690,-0.006614,4.041667,0.200003,-0.113793,-0.113793,0.000000,,0,0,0,1,1,0,0.048594,0.036031,0.6250,-0.1914,0.2636,3,ok
0,93,1.226727,-1.582616,-0.030847,0.039884,-0.030847,4.065662,0.199918,-0.300962,-0.300962,0.000000,C-06,0,0,0,1,1,0,0.045279,0.034742,0.6250,-0.1258,0.2633,3,ok
0,94,1.250717,-1.583307,-0.023992,0.039193,-0.023992,4.087535,0.200038,0.110148,0.110148,0.000000,C-06,0,0,0,1,1,0,0.042229,0.018079,0.6250,-0.1327,0.2638,3,ok
0,95,1.270715,-1.583933,0.005662,0.038567,0.005662,4.109650,0.200096,0.466773,0.466773,0.000000,C-06,0,0,0,1,1,0,0.041306,0.022455,0.6042,-0.1142,0.2672,3,ok
0,96,1.294713,-1.584331,0.019013,0.038169,0.019013,4.133648,0.199977,0.138662,0.138662,0.000000,C-06,0,0,0,1,1,0,0.042651,0.046365,0.6250,-0.0891,0.2666,2,ok
0,97,1.318710,-1.583917,0.009488,0.038583,0.011545,4.157645,0.200026,-0.132077,-0.132077,0.000000,C-06,0,0,0,1,1,0,0.046312,0.076174,0.6667,-0.0916,0.2633,3,ok
0,98,1.342709,-1.583464,-0.011903,0.039036,-0.009845,4.181645,0.200024,-0.262213,-0.262213,0.000000,,0,0,0,1,1,0,0.045828,0.073157,0.6667,-0.0764,0.2642,3,ok
0,99,1.366704,-1.583049,-0.028567,0.039451,-0.022378,4.205640,0.199938,-0.194299,-0.194299,0.000000,,0,0,0,1,1,0,0.045175,0.061151,0.6667,-0.0816,0.2652,3,ok
0,100,1.386693,-1.583116,-0.038836,0.039384,-0.032647,4.225628,0.199861,-0.144884,-0.144884,0.000000,,0,0,0,1,1,0,0.040867,0.045814,0.6250,0.0025,0.2637,3,ok
0,101,1.410668,-1.583462,-0.051325,0.039164,-0.037289,4.249201,0.199783,-0.151979,-0.151979,0.000000,,0,0,0,1,1,0,0.043003,0.033114,0.6250,-0.0383,0.2698,3,ok
0,102,1.434635,-1.584578,-0.053942,0.038294,-0.039906,4.273178,0.199952,-0.023274,-0.023274,0.000000,,0,0,0,1,1,0,0.040080,0.026676,0.6250,0.0240,0.2671,3,ok
0,103,1.458615,-1.585868,-0.017149,0.037368,0.006287,4.296784,0.200255,0.512765,0.512765,0.000000,C-06,0,0,0,1,1,0,0.040490,0.024798,0.5833,0.0185,0.2645,3,ok
0,104,1.482612,-1.586280,-0.019932,0.037452,0.003505,4.320784,0.199981,-0.077827,-0.077827,0.000000,C-06,0,0,0,1,1,0,0.043109,0.051619,0.6042,0.0435,0.2638,3,ok
0,105,1.502606,-1.586561,-0.027201,0.037701,0.007629,4.340080,0.199948,-0.106022,-0.106022,0.000000,,0,0,0,1,1,0,0.044849,0.062581,0.6458,0.0708,0.2649,3,ok
0,106,1.526597,-1.587207,-0.027042,0.037997,0.007788,4.364078,0.200003,0.007657,0.007657,0.000000,,0,0,0,1,1,0,0.047856,0.052872,0.6667,0.0036,0.2619,3,ok
0,107,1.550580,-1.587868,-0.049362,0.038318,-0.003928,4.387771,0.199843,-0.299716,-0.299716,0.000000,C-06,0,0,0,1,1,0,0.048504,0.049612,0.6250,0.0294,0.2623,3,ok
0,108,1.570546,-1.588420,-0.067128,0.038705,-0.021694,4.407741,0.199638,-0.258077,-0.258077,0.000000,,0,0,0,1,1,0,0.048139,0.043519,0.6458,0.0324,0.2620,3,ok
0,109,1.594482,-1.589508,-0.078894,0.038742,-0.033460,4.431540,0.199651,-0.138263,-0.138263,0.000000,,0,0,0,1,1,0,0.046093,0.012638,0.6042,0.0369,0.2642,3,ok
0,110,1.618396,-1.590897,-0.089858,0.038716,-0.034007,4.455270,0.199601,-0.136455,-0.136455,0.000000,,0,0,0,1,1,0,0.043363,-0.007629,0.6250,0.1031,0.2701,3,ok
0,111,1.642299,-1.593027,-0.089714,0.037952,-0.033863,4.479255,0.200007,0.009156,0.009156,0.000000,,0,0,0,1,1,0,0.042009,-0.009710,0.6250,0.0924,0.2681,3,ok
0,112,1.666221,-1.595187,-0.068834,0.037299,-0.006310,4.503026,0.200323,0.279373,0.279373,0.000000,C-06,0,0,0,1,1,0,0.041909,-0.017243,0.6042,0.1124,0.2655,2,ok
0,113,1.686181,-1.596982,-0.058070,0.036771,0.004455,4.523059,0.200432,0.148031,0.148031,0.000000,,0,0,0,1,1,0,0.040686,-0.000346,0.6875,0.1840,0.2661,2,ok
0,114,1.710144,-1.598590,-0.053322,0.036843,0.015465,4.546729,0.200121,0.051476,0.051476,0.000000,,0,0,0,1,1,0,0.042456,0.018231,0.7500,0.1855,0.2655,2,ok
0,115,1.734108,-1.599895,-0.057438,0.037284,0.011348,4.570724,0.199962,-0.057219,-0.057219,0.000000,,0,0,0,1,1,0,0.040624,0.023784,0.6875,0.2660,0.2599,2,ok
0,116,1.758063,-1.601187,-0.065432,0.037734,0.007560,4.594715,0.199867,-0.101125,-0.101125,0.000000,,0,0,0,1,1,0,0.043717,0.016803,0.6875,0.2251,0.2637,2,ok
0,117,1.782015,-1.602750,-0.060131,0.037912,0.012861,4.618718,0.200069,0.076440,0.076440,0.000000,C-06,0,0,0,1,1,0,0.043910,0.003484,0.6875,0.2361,0.2657,3,ok
0,118,1.801978,-1.603953,-0.062495,0.038216,0.013404,4.638497,0.199970,-0.041132,-0.041132,0.000000,,0,0,0,1,1,0,0.045147,0.000904,0.6667,0.2267,0.2656,3,ok
0,119,1.825910,-1.605389,-0.089715,0.038657,-0.013815,4.662468,0.199579,-0.373273,-0.373273,0.000000,C-06,0,0,0,1,1,0,0.046322,0.001159,0.6458,0.2206,0.2668,3,ok
0,120,1.849819,-1.607465,-0.082805,0.038455,-0.005979,4.686478,0.200081,0.110547,0.110547,0.000000,C-06,0,0,0,1,1,0,0.045264,-0.031525,0.6042,0.2152,0.2679,2,ok
0,121,1.869765,-1.609222,-0.060689,0.038258,0.016137,4.706501,0.200387,0.353386,0.353386,0.000000,C-06,0,0,0,1,1,0,0.042391,-0.033117,0.6250,0.2846,0.2652,2,ok
0,122,1.893728,-1.611049,-0.051397,0.038304,0.025429,4.728784,0.200249,0.100531,0.100531,0.000000,C-06,0,0,0,1,1,0,0.047565,-0.027174,0.6667,0.2225,0.2678,2,ok
0,123,1.917698,-1.612411,-0.048550,0.038809,0.028018,4.754543,0.200064,0.030565,0.030565,0.000000,,0,0,0,1,1,0,0.049199,-0.020911,0.6875,0.2537,0.2668,2,ok
0,124,1.941668,-1.613623,-0.052758,0.039465,0.023810,4.778534,0.199976,-0.056849,-0.056849,0.000000,,0,0,0,1,1,0,0.051572,-0.019322,0.6875,0.2118,0.2646,3,ok
0,125,1.965628,-1.614828,-0.062239,0.040116,0.012059,4.802534,0.199871,-0.121166,-0.121166,0.000000,,0,0,0,1,1,0,0.048769,-0.026858,0.6458,0.3169,0.2707,3,ok
0,126,1.985592,-1.616041,-0.058182,0.040450,0.016116,4.822531,0.200034,0.072579,0.072579,0.000000,C-06,0,0,0,1,1,0,0.052029,-0.041257,0.6042,0.1659,0.2557,2,ok
0,127,2.009551,-1.617433,-0.058093,0.040810,0.012747,4.846775,0.199997,-0.004051,-0.004051,0.000000,,0,0,0,1,1,0,0.044959,-0.041653,0.6667,0.4099,0.2678,2,ok
0,128,2.033512,-1.618819,-0.056323,0.041135,0.014517,4.870774,0.200016,0.023499,0.023499,0.000000,,0,0,0,1,1,0,0.045900,-0.045197,0.6042,0.3975,0.2689,2,ok
0,129,2.057483,-1.620205,-0.040749,0.041395,0.025122,4.894962,0.200161,0.205446,0.205446,0.000000,C-06,0,0,0,1,1,0,0.044932,-0.052868,0.5833,0.4418,0.2696,2,ok
0,130,2.081470,-1.621591,-0.023382,0.041617,0.042489,4.918988,0.200275,0.209191,0.209191,0.000000,,0,0,0,1,1,0,0.044194,-0.047944,0.6667,0.5198,0.2699,2,ok
0,131,2.101464,-1.622131,-0.026063,0.042364,0.032870,4.939239,0.199992,-0.061886,-0.061886,0.000000,C-06,0,0,0,1,1,0,0.048384,-0.043899,0.6458,0.4874,0.2639,3,ok
0,132,2.125456,-1.622760,-0.026212,0.043191,0.032721,4.963225,0.200001,0.001956,0.001956,0.000000,,0,0,0,1,1,0,0.048346,-0.038226,0.6458,0.5343,0.2664,3,ok
0,133,2.149448,-1.623393,-0.024365,0.043972,0.026119,4.987551,0.200010,0.023569,0.023569,0.000000,,0,0,0,1,1,0,0.050537,-0.057588,0.6458,0.5296,0.2662,2,ok
0,134,2.169441,-1.623905,-0.027825,0.044520,0.022659,5.007543,0.199989,-0.055987,-0.055987,0.000000,,0,0,0,1,1,0,0.049113,-0.062294,0.6667,0.6115,0.2713,3,ok
0,135,2.193433,-1.624576,-0.023183,0.045121,0.027301,5.031537,0.200024,0.062272,0.062272,0.000000,,0,0,0,1,1,0,0.059904,-0.076032,0.6042,0.2662,0.2473,2,ok
0,136,2.217426,-1.625132,-0.026967,0.045600,0.013593,5.055996,0.199981,-0.050577,-0.050577,0.000000,,0,0,0,1,1,0,0.047621,-0.084203,0.6458,0.7092,0.2686,3,ok
0,137,2.237418,-1.625591,-0.031101,0.045994,0.009459,5.075989,0.199957,-0.060234,-0.060234,0.000000,,0,0,0,1,1,0,0.050755,-0.105767,0.6250,0.6474,0.2659,2,ok
0,138,2.261404,-1.626145,-0.035960,0.046247,-0.007924,5.100609,0.199929,-0.058440,-0.058440,0.000000,,0,0,0,1,1,0,0.047131,-0.127635,0.6042,0.7420,0.2688,2,ok
0,139,2.285386,-1.626747,-0.041699,0.046342,-0.013663,5.124599,0.199903,-0.069835,-0.069835,0.000000,,0,0,0,1,1,0,0.046360,-0.140930,0.6458,0.7616,0.2651,2,ok
0,140,2.305363,-1.627303,-0.054062,0.046263,-0.040799,5.145127,0.199793,-0.190710,-0.190710,0.000000,,0,0,0,1,1,0,0.046439,-0.162268,0.7500,0.7660,0.2629,2,ok
0,141,2.325337,-1.628315,-0.046474,0.045597,-0.033212,5.165115,0.200053,0.137862,0.137862,0.000000,C-06,0,0,0,1,1,0,0.044422,-0.180051,0.7500,0.7858,0.2614,2,ok
0,142,2.349316,-1.629571,-0.037234,0.044757,-0.023971,5.187872,0.200132,0.110299,0.110299,0.000000,,0,0,0,1,1,0,0.043432,-0.184491,0.7292,0.8064,0.2609,2,ok
0,143,2.369307,-1.630618,-0.020862,0.043640,-0.024812,5.209962,0.200226,0.248071,0.248071,0.000000,,0,0,0,1,1,0,0.042150,-0.187375,0.7083,0.8468,0.2605,2,ok
0,144,2.393303,-1.631370,-0.015026,0.042842,-0.018975,5.233957,0.200056,0.061603,0.061603,0.000000,C-06,0,0,0,1,1,0,0.042120,-0.198446,0.7083,0.8565,0.2562,2,ok
0,145,2.417296,-1.631743,-0.034467,0.042078,-0.057717,5.258750,0.199910,-0.265244,-0.265244,0.000000,C-06,0,0,0,1,1,0,0.043980,-0.209304,0.7083,0.8069,0.2610,2,ok
0,146,2.437281,-1.632076,-0.043071,0.041328,-0.066320,5.278724,0.199858,-0.112191,-0.112191,0.000000,C-06,0,0,0,1,1,0,0.040941,-0.242412,0.6667,0.8393,0.2571,2,ok
0,147,2.461265,-1.633019,-0.025872,0.039655,-0.072707,5.303578,0.200092,0.236432,0.236432,0.000000,C-06,0,0,0,1,1,0,0.042346,-0.283598,0.6875,0.7547,0.2514,2,ok
0,148,2.485262,-1.633989,-0.002176,0.037645,-0.049011,5.327510,0.200162,0.285018,0.285018,0.000000,,0,0,0,1,1,0,0.036819,-0.281617,0.7083,0.8336,0.2581,2,ok
0,149,2.505260,-1.634797,0.025717,0.035971,-0.021118,5.345933,0.200105,0.407777,0.407777,0.000000,,0,0,0,1,1,0,0.038914,-0.278294,0.7708,0.7720,0.2580,2,ok
0,150,2.525246,-1.635425,0.049587,0.033951,-0.022601,5.368217,0.199808,0.340337,0.340337,0.000000,,0,0,0,1,1,0,0.039868,-0.265096,0.7500,0.7235,0.2589,2,ok
0,151,2.549203,-1.635083,0.067934,0.032677,-0.004254,5.392144,0.199609,0.216931,0.216931,0.000000,,0,0,0,1,1,0,0.039867,-0.254140,0.7292,0.6996,0.2588,2,ok
0,152,2.569147,-1.634395,0.081867,0.031580,-0.020785,5.413143,0.199512,0.206221,0.206221,0.000000,,0,0,0,1,1,0,0.039068,-0.249602,0.7292,0.6815,0.2605,2,ok
0,153,2.593051,-1.633149,0.097581,0.030419,-0.005071,5.437051,0.199418,0.195799,0.195799,0.000000,,0,0,0,1,1,0,0.039116,-0.261141,0.7500,0.6456,0.2608,2,ok
0,154,2.616910,-1.631666,0.119377,0.029268,-0.016695,5.461763,0.199043,0.280680,0.280680,0.000000,,0,0,0,1,1,0,0.036294,-0.260817,0.7292,0.6488,0.2617,2,ok
0,155,2.636748,-1.630018,0.135307,0.028357,-0.000764,5.481649,0.199017,0.242486,0.242486,0.000000,,0,0,0,1,1,0,0.035276,-0.257833,0.6667,0.6465,0.2585,2,ok
0,156,2.660515,-1.627095,0.142662,0.028205,0.006590,5.505595,0.199584,0.086942,0.086942,0.000000,C-06,0,0,0,1,1,0,0.033723,-0.252100,0.6667,0.6389,0.2597,2,ok
0,157,2.684275,-1.623700,0.139863,0.027520,-0.035435,5.530841,0.200086,-0.046561,-0.046561,0.000000,,0,0,0,1,1,0,0.033146,-0.264496,0.6667,0.6116,0.2557,2,ok
0,158,2.704079,-1.620911,0.140378,0.026854,-0.034920,5.550830,0.199981,0.012209,0.012209,0.000000,,0,0,0,1,1,0,0.027319,-0.274413,0.7500,0.6603,0.2580,2,ok
0,159,2.723836,-1.618119,0.175576,0.025884,-0.041202,5.571743,0.198970,0.625667,0.625667,0.000000,C-06,0,0,0,1,1,0,0.023721,-0.281106,0.7708,0.6642,0.2559,2,ok
0,160,2.747391,-1.614768,0.208933,0.024240,-0.007846,5.595479,0.197693,0.432588,0.432588,0.000000,C-06,0,0,0,1,1,0,0.024098,-0.261996,0.7500,0.6465,0.2588,2,ok
0,161,2.766950,-1.610719,0.210385,0.024114,-0.006393,5.615451,0.199954,-0.010191,-0.010191,0.000000,C-06,0,0,0,1,1,0,0.024594,-0.248569,0.7500,0.6494,0.2615,2,ok
0,162,2.790382,-1.605710,0.226718,0.022964,-0.033109,5.640664,0.199341,0.240866,0.240866,0.000000,C-06,0,0,0,1,1,0,0.023688,-0.239656,0.7292,0.6178,0.2615,2,ok
0,163,2.813700,-1.600699,0.251810,0.021726,-0.008017,5.664482,0.198200,0.353704,0.353704,0.000000,,0,0,0,1,1,0,0.022472,-0.256344,0.7292,0.6067,0.2614,2,ok
0,164,2.833052,-1.595914,0.257487,0.020837,-0.043601,5.685348,0.199459,0.074079,0.074079,0.000000,C-06,0,0,0,1,1,0,0.021794,-0.244349,0.7083,0.5975,0.2611,2,ok
0,165,2.856288,-1.589821,0.247437,0.019600,-0.053651,5.709337,0.200458,-0.156510,-0.156510,0.000000,C-06,0,0,0,1,1,0,0.021660,-0.246122,0.7083,0.5580,0.2612,2,ok
0,166,2.879486,-1.583918,0.274027,0.018045,-0.067446,5.733884,0.198761,0.418586,0.418586,0.000000,C-06,0,0,0,1,1,0,0.020063,-0.275946,0.6458,0.5373,0.2547,2,ok
0,167,2.898650,-1.579012,0.306920,0.016202,-0.034553,5.753580,0.196972,0.575835,0.575835,0.000000,C-06,0,0,0,1,1,0,0.014916,-0.268000,0.7292,0.5814,0.2629,2,ok
0,168,2.917682,-1.573241,0.315835,0.015219,-0.025638,5.773444,0.199105,0.113985,0.113985,0.000000,C-06,0,0,0,1,1,0,0.016981,-0.245509,0.7917,0.5349,0.2628,2,ok
0,169,2.940495,-1.565798,0.315385,0.014038,-0.062124,5.797939,0.200048,-0.014032,-0.014032,0.000000,,0,0,0,1,1,0,0.015518,-0.239147,0.7917,0.5374,0.2640,2,ok
0,170,2.959457,-1.559594,0.333707,0.012776,-0.043802,5.817850,0.198955,0.352360,0.352360,0.000000,C-06,0,0,0,1,1,0,0.012423,-0.246576,0.7917,0.5585,0.2637,2,ok
0,171,2.981993,-1.552151,0.369330,0.011219,-0.041973,5.841911,0.196671,0.541557,0.541557,0.000000,C-06,0,0,0,1,1,0,0.010834,-0.240789,0.7917,0.5601,0.2640,2,ok
0,172,3.004307,-1.543857,0.383194,0.009874,-0.028109,5.865680,0.198558,0.182065,0.182065,0.000000,C-06,0,0,0,1,1,0,0.010606,-0.227647,0.7500,0.5593,0.2620,2,ok
0,173,3.022867,-1.536472,0.379286,0.009200,-0.032017,5.885643,0.200003,-0.093716,-0.093716,0.000000,C-06,0,0,0,1,1,0,0.009245,-0.224535,0.7292,0.5747,0.2635,2,ok
0,174,3.045215,-1.527579,0.366340,0.007836,-0.077712,5.909937,0.200857,-0.201664,-0.201664,0.000000,,0,0,0,1,1,0,0.007506,-0.235078,0.7083,0.5584,0.2629,2,ok
0,175,3.067522,-1.518917,0.392172,0.006081,-0.051880,5.933801,0.198461,0.430044,0.430044,0.000000,C-06,0,0,0,1,1,0,0.003236,-0.255050,0.6875,0.5893,0.2623,2,ok
0,176,3.085936,-1.511678,0.409156,0.004465,-0.066892,5.953692,0.197684,0.300283,0.300283,0.000000,,0,0,0,1,1,0,-0.002030,-0.254921,0.6875,0.6469,0.2626,2,ok
0,177,3.104190,-1.504191,0.433446,0.002737,-0.042602,5.973346,0.196564,0.462312,0.462312,0.000000,C-06,0,0,0,1,1,0,-0.003407,-0.242161,0.7083,0.6512,0.2635,2,ok
0,178,3.125768,-1.494836,0.473608,0.001143,-0.002441,5.996810,0.195547,0.644023,0.644023,0.000000,C-06,0,0,0,1,1,0,-0.004108,-0.224555,0.7708,0.6634,0.2645,2,ok
0,179,3.143490,-1.486024,0.488914,0.000324,-0.018227,6.016618,0.198186,0.264802,0.264802,0.000000,C-06,0,0,0,1,1,0,-0.000774,-0.206922,0.7708,0.6146,0.2638,2,ok
0,180,3.164569,-1.475076,0.508403,-0.000355,0.001261,6.040361,0.197935,0.318809,0.318809,0.000000,,0,0,0,1,1,0,0.000563,-0.196401,0.7500,0.5989,0.2635,2,ok
0,181,3.185381,-1.463706,0.534704,-0.000860,-0.003447,6.064053,0.197409,0.439984,0.439984,0.000000,,0,0,0,1,1,0,0.001833,-0.186636,0.7500,0.5658,0.2622,2,ok
0,182,3.202491,-1.453772,0.553715,-0.001126,0.015563,6.083836,0.197960,0.375360,0.375360,0.000000,,0,0,0,1,1,0,0.002736,-0.179354,0.7292,0.5671,0.2652,2,ok
0,183,3.222866,-1.441197,0.558853,-0.000803,0.020701,6.107598,0.199640,0.067556,0.067556,0.000000,C-06,0,0,0,1,1,0,0.006688,-0.173684,0.7500,0.4902,0.2671,2,ok
0,184,3.243310,-1.428501,0.542456,-0.001100,-0.025791,6.131818,0.201270,-0.294440,-0.294440,0.000000,C-06,0,0,0,1,1,0,0.004279,-0.168982,0.7083,0.5544,0.2630,2,ok
0,185,3.260502,-1.418002,0.530084,-0.001495,-0.038163,6.151959,0.201486,-0.242202,-0.242202,0.000000,,0,0,0,1,1,0,0.001499,-0.205858,0.6875,0.5353,0.2640,2,ok
0,186,3.277666,-1.407851,0.551277,-0.002495,-0.046604,6.171816,0.198305,0.492036,0.492036,0.000000,C-06,0,0,0,1,1,0,0.001658,-0.243289,0.7083,0.4680,0.2589,2,ok
0,187,3.297976,-1.395467,0.572039,-0.003714,-0.025842,6.195572,0.198322,0.339699,0.339699,0.000000,C-06,0,0,0,1,1,0,-0.000373,-0.238250,0.7083,0.4957,0.2626,2,ok
0,188,3.314680,-1.384801,0.592850,-0.004320,-0.005031,6.215085,0.198131,0.433432,0.433432,0.000000,,0,0,0,1,1,0,-0.000584,-0.224332,0.7708,0.4854,0.2638,2,ok
0,189,3.334461,-1.371478,0.610913,-0.005154,-0.016010,6.239093,0.198859,0.306645,0.306645,0.000000,,0,0,0,1,1,0,-0.002262,-0.215350,0.7500,0.5370,0.2664,2,ok
0,190,3.353982,-1.357760,0.631006,-0.005508,0.004082,6.262950,0.198927,0.356112,0.356112,0.000000,,0,0,0,1,1,0,-0.003893,-0.196950,0.7292,0.5595,0.2661,2,ok
0,191,3.370023,-1.345989,0.649435,-0.005799,-0.006488,6.282687,0.199082,0.396442,0.396442,0.000000,,0,0,0,1,1,0,-0.004350,-0.188904,0.7292,0.5694,0.2660,2,ok
0,192,3.389014,-1.331430,0.666038,-0.005841,0.010115,6.306616,0.199519,0.293418,0.293418,0.000000,,0,0,0,1,1,0,0.005895,-0.185145,0.7083,0.2526,0.2447,2,ok
0,193,3.407829,-1.316567,0.673010,-0.005775,-0.011535,6.330429,0.199846,0.116353,0.116353,0.000000,C-06,0,0,0,1,1,0,-0.004494,-0.180836,0.7500,0.6018,0.2647,2,ok
0,194,3.423476,-1.304103,0.671344,-0.006015,-0.013201,6.350431,0.200066,-0.047981,-0.047981,0.000000,C-06,0,0,0,1,1,0,-0.005993,-0.182036,0.7083,0.6444,0.2639,2,ok
0,195,3.439045,-1.291596,0.687283,-0.006173,0.002738,6.370401,0.199717,0.382069,0.382069,0.000000,C-06,0,0,0,1,1,0,-0.006455,-0.198684,0.6250,0.6326,0.2608,2,ok
0,196,3.457353,-1.276029,0.727536,-0.006221,0.013507,6.394260,0.201097,0.766636,0.766636,0.000000,C-06,0,0,0,1,1,0,-0.006937,-0.205108,0.6875,0.6466,0.2610,2,ok
0,197,3.472267,-1.262612,0.741801,-0.005825,0.027772,6.414317,0.200641,0.271272,0.271272,0.000000,C-06,0,0,0,1,1,0,-0.005820,-0.176886,0.7083,0.6641,0.2617,2,ok
0,198,3.489938,-1.246329,0.749116,-0.005324,0.006523,6.438183,0.200266,0.120490,0.120490,0.000000,C-06,0,0,0,1,1,0,-0.001878,-0.165482,0.8125,0.6272,0.2595,2,ok
0,199,3.507513,-1.229990,0.748116,-0.005155,0.005523,6.462180,0.199941,-0.026382,-0.026382,0.000000,,0,0,0,1,1,0,-0.003503,-0.166448,0.7708,0.6866,0.2642,2,ok
0,200,3.522141,-1.216302,0.760757,-0.004949,0.018164,6.482212,0.200447,0.294567,0.294567,0.000000,C-06,0,0,0,1,1,0,-0.004518,-0.179112,0.7708,0.7009,0.2618,2,ok
0,201,3.539404,-1.199578,0.781726,-0.005048,0.010321,6.506085,0.200101,0.370490,0.370490,0.000000,,0,0,0,1,1,0,-0.004518,-0.179112,0.7708,0.7009,0.2618,2,ok
0,202,3.556305,-1.182548,0.797090,-0.004703,0.025685,6.530075,0.199833,0.257660,0.257660,0.000000,,0,0,0,1,1,0,-0.005282,-0.184682,0.7083,0.7577,0.2639,2,ok
0,203,3.570332,-1.168283,0.788318,-0.004642,-0.013107,6.549971,0.200044,-0.217504,-0.217504,0.000000,C-06,0,0,0,1,1,0,-0.002805,-0.182158,0.7500,0.7486,0.2673,2,ok
0,204,3.584521,-1.154200,0.773617,-0.004982,-0.027808,6.569960,0.199799,-0.311514,-0.311514,0.000000,,0,0,0,1,1,0,-0.006298,-0.197321,0.6875,0.8082,0.2612,2,ok
0,205,3.601510,-1.137258,0.798758,-0.005446,-0.032099,6.593788,0.199653,0.487876,0.487876,0.000000,C-06,0,0,0,1,1,0,-0.004328,-0.242897,0.6667,0.7120,0.2549,2,ok
0,206,3.615316,-1.122870,0.818890,-0.005898,-0.011967,6.613723,0.199184,0.419662,0.419662,0.000000,,0,0,0,1,1,0,-0.010687,-0.240296,0.6875,0.8609,0.2633,2,ok
0,207,3.631391,-1.105226,0.855744,-0.005823,0.024887,6.637592,0.199400,0.682324,0.682324,0.000000,C-06,0,0,0,1,1,0,-0.005751,-0.223827,0.7500,0.7667,0.2624,2,ok
0,208,3.647001,-1.087010,0.867872,-0.005618,0.006820,6.661386,0.199994,0.189511,0.189511,0.000000,C-06,0,0,0,1,1,0,0.003820,-0.200719,0.8125,0.5944,0.2577,2,ok
0,209,3.659839,-1.071660,0.882673,-0.005391,0.021622,6.681395,0.200214,0.341568,0.341568,0.000000,C-06,0,0,0,1,1,0,0.003701,-0.195281,0.7917,0.6122,0.2591,2,ok
0,210,3.674963,-1.052959,0.904633,-0.004922,0.012080,6.705311,0.200637,0.406212,0.406212,0.000000,,0,0,0,1,1,0,-0.000076,-0.198230,0.7500,0.7287,0.2612,2,ok
0,211,3.689756,-1.034008,0.914988,-0.004467,0.022434,6.729348,0.200341,0.169223,0.169223,0.000000,C-06,0,0,0,1,1,0,0.003836,-0.193879,0.7500,0.6614,0.2674,2,ok
0,212,3.701954,-1.018169,0.912005,-0.003960,0.019451,6.749333,0.199837,-0.085076,-0.085076,0.000000,C-06,0,0,0,1,1,0,0.006375,-0.215574,0.7500,0.5869,0.2584,2,ok
0,213,3.714205,-1.002387,0.906486,-0.004171,-0.018405,6.769166,0.199793,-0.122439,-0.122439,0.000000,,0,0,0,1,1,0,0.003067,-0.230981,0.6875,0.6508,0.2575,2,ok
0,214,3.728961,-0.983395,0.921015,-0.004545,-0.003876,6.793214,0.200645,0.286940,0.286940,0.000000,C-06,0,0,0,1,1,0,0.003409,-0.253513,0.7083,0.5780,0.2613,2,ok
0,215,3.741074,-0.967398,0.933119,-0.004831,-0.025251,6.813136,0.200701,0.257369,0.257369,0.000000,,0,0,0,1,1,0,0.001859,-0.268698,0.6875,0.5794,0.2583,2,ok
0,216,3.755348,-0.947945,0.958109,-0.005275,-0.000261,6.837261,0.201649,0.452591,0.452591,0.000000,C-06,0,0,0,1,1,0,0.003725,-0.259600,0.7083,0.5121,0.2458,2,ok
0,217,3.769217,-0.928059,0.996553,-0.005137,0.038183,6.859909,0.203351,0.678596,0.678596,0.000000,C-06,0,0,0,1,1,0,0.001011,-0.246813,0.7708,0.5440,0.2510,2,ok
0,218,3.780364,-0.911134,1.021117,-0.005230,0.024935,6.881593,0.202753,0.486883,0.486883,0.000000,C-06,0,0,0,1,1,0,0.003453,-0.222985,0.8125,0.5016,0.2596,2,ok
0,219,3.793032,-0.890592,1.032579,-0.004560,0.036396,6.905718,0.201016,0.171683,0.171683,0.000000,C-06,0,0,0,1,1,0,0.006105,-0.208593,0.8125,0.4647,0.2612,2,ok
0,220,3.805421,-0.869823,1.061294,-0.004146,0.025930,6.929727,0.202668,0.500753,0.500753,0.000000,C-06,0,0,0,1,1,0,0.003662,-0.205929,0.7708,0.5243,0.2600,2,ok
0,221,3.815494,-0.852276,1.079009,-0.003755,0.043646,6.949956,0.202330,0.332069,0.332069,0.000000,C-06,0,0,0,1,1,0,0.006835,-0.202794,0.7292,0.4309,0.2588,2,ok
0,222,3.825031,-0.834618,1.084011,-0.002848,0.048648,6.969832,0.200548,0.078095,0.078095,0.000000,C-06,0,0,0,1,1,0,0.007591,-0.196886,0.7708,0.4225,0.2612,2,ok
0,223,3.836305,-0.813497,1.066457,-0.002799,-0.010242,6.993809,0.198765,-0.308939,-0.308939,0.000000,C-06,0,0,0,1,1,0,0.006527,-0.196141,0.7500,0.4308,0.2612,2,ok
0,224,3.845953,-0.795975,1.070118,-0.003013,-0.006580,7.013811,0.200283,0.093130,0.093130,0.000000,C-06,0,0,0,1,1,0,0.001531,-0.216543,0.7292,0.4788,0.2579,2,ok
0,225,3.857515,-0.774792,1.094299,-0.003723,-0.023476,7.037792,0.202052,0.410996,0.410996,0.000000,C-06,0,0,0,1,1,0,0.000495,-0.238279,0.7083,0.4260,0.2644,2,ok
0,226,3.868940,-0.753350,1.115534,-0.004706,-0.002242,7.062068,0.202545,0.331999,0.331999,0.000000,,0,0,0,1,1,0,-0.001208,-0.228627,0.7708,0.4410,0.2630,2,ok
0,227,3.878203,-0.735289,1.139057,-0.005209,0.021281,7.080725,0.203643,0.451615,0.451615,0.000000,,0,0,0,1,1,0,-0.002245,-0.214260,0.7917,0.4564,0.2604,2,ok
0,228,3.888508,-0.713430,1.150262,-0.006059,-0.006917,7.106298,0.201235,0.154631,0.154631,0.000000,C-06,0,0,0,1,1,0,-0.001370,-0.199596,0.7917,0.4184,0.2640,2,ok
0,229,3.898618,-0.691450,1.165376,-0.006617,0.008197,7.130485,0.201933,0.236123,0.236123,0.000000,,0,0,0,1,1,0,-0.000707,-0.193739,0.8125,0.3856,0.2657,2,ok
0,230,3.906884,-0.672996,1.185601,-0.007383,-0.008678,7.150469,0.202837,0.379463,0.379463,0.000000,,0,0,0,1,1,0,-0.002364,-0.189934,0.7917,0.4053,0.2645,2,ok
0,231,3.914818,-0.654409,1.199570,-0.007958,0.005291,7.170670,0.202048,0.243855,0.243855,0.000000,,0,0,0,1,1,0,-0.002893,-0.191395,0.7500,0.4077,0.2634,2,ok
0,232,3.923615,-0.632025,1.202973,-0.008106,-0.024948,7.194467,0.200300,0.036726,0.036726,0.000000,C-06,0,0,0,1,1,0,-0.002864,-0.186307,0.7500,0.3921,0.2634,2,ok
0,233,3.930887,-0.613351,1.206442,-0.008667,-0.021479,7.214499,0.200510,0.063854,0.063854,0.000000,,0,0,0,1,1,0,-0.004214,-0.188847,0.7292,0.3969,0.2630,2,ok
0,234,3.939485,-0.590831,1.231082,-0.009180,0.003161,7.238600,0.201627,0.385599,0.385599,0.000000,C-06,0,0,0,1,1,0,-0.006315,-0.196391,0.6875,0.4211,0.2633,2,ok
0,235,3.948076,-0.568086,1.261643,-0.010308,0.002840,7.262547,0.203443,0.446433,0.446433,0.000000,,0,0,0,1,1,0,-0.006952,-0.188795,0.7083,0.4137,0.2605,2,ok
0,236,3.955139,-0.548927,1.299957,-0.011250,0.041154,7.282945,0.205110,0.673772,0.673772,0.000000,C-06,0,0,0,1,1,0,-0.005884,-0.169867,0.7292,0.4022,0.2610,2,ok
0,237,3.962025,-0.525751,1.313642,-0.011058,0.024916,7.306831,0.201187,0.152792,0.152792,0.000000,C-06,0,0,0,1,1,0,-0.003479,-0.142077,0.7917,0.3809,0.2637,2,ok
0,238,3.968228,-0.502545,1.311378,-0.010585,0.022652,7.330848,0.200040,-0.045186,-0.045186,0.000000,C-06,0,0,0,1,1,0,-0.002573,-0.124766,0.8125,0.3800,0.2639,2,ok
0,239,3.973362,-0.483201,1.317207,-0.010156,0.028481,7.350842,0.200278,0.109165,0.109165,0.000000,C-06,0,0,0,1,1,0,-0.005308,-0.132201,0.7708,0.4342,0.2643,2,ok
0,240,3.978442,-0.463791,1.339637,-0.010201,0.022525,7.370644,0.201127,0.405445,0.405445,0.000000,C-06,0,0,0,1,1,0,-0.004317,-0.135250,0.7708,0.4021,0.2642,2,ok
0,241,3.984533,-0.440361,1.365757,-0.010218,0.048646,7.394853,0.202234,0.351282,0.351282,0.000000,,0,0,0,1,1,0,-0.004333,-0.124094,0.7500,0.4429,0.2689,2,ok
0,242,3.988888,-0.420763,1.372875,-0.009814,0.029979,7.414644,0.200621,0.093050,0.093050,0.000000,C-06,0,0,0,1,1,0,-0.003408,-0.123596,0.7500,0.4478,0.2705,2,ok
0,243,3.993960,-0.397209,1.382939,-0.009493,0.040043,7.438736,0.200902,0.137079,0.137079,0.000000,,0,0,0,1,1,0,-0.002440,-0.115953,0.7292,0.4710,0.2697,2,ok
0,244,3.998526,-0.373663,1.367087,-0.008804,-0.001424,7.462497,0.199511,-0.240361,-0.240361,0.000000,C-06,0,0,0,1,1,0,-0.002061,-0.124075,0.7083,0.4787,0.2687,2,ok
0,245,4.002460,-0.354085,1.363429,-0.008740,-0.005082,7.482466,0.199705,-0.045292,-0.045292,0.000000,C-06,0,0,0,1,1,0,-0.004391,-0.150187,0.6875,0.4948,0.2700,2,ok
0,246,4.007388,-0.330571,1.376525,-0.008863,0.008014,7.506491,0.200480,0.192807,0.192807,0.000000,C-06,0,0,0,1,1,0,-0.007029,-0.161874,0.7917,0.5206,0.2656,2,ok
0,247,4.012325,-0.306973,1.399373,-0.009445,0.005950,7.530384,0.201282,0.312598,0.312598,0.000000,,0,0,0,1,1,0,-0.006042,-0.162603,0.8333,0.4887,0.2608,2,ok
0,248,4.016311,-0.287244,1.412962,-0.009871,0.019539,7.550508,0.201256,0.205910,0.205910,0.000000,,0,0,0,1,1,0,-0.006817,-0.149127,0.7917,0.5409,0.2646,2,ok
0,249,4.020134,-0.267469,1.428877,-0.010307,0.011589,7.570389,0.201471,0.251542,0.251542,0.000000,,0,0,0,1,1,0,-0.007806,-0.141591,0.7917,0.5852,0.2633,2,ok
0,250,4.024560,-0.243670,1.454715,-0.011059,0.037427,7.594584,0.201836,0.336952,0.336952,0.000000,,0,0,0,1,1,0,-0.005495,-0.140962,0.8125,0.5337,0.2632,2,ok
0,251,4.027471,-0.223789,1.467550,-0.010910,0.050262,7.614676,0.200825,0.181947,0.181947,0.000000,C-06,0,0,0,1,1,0,-0.005323,-0.131275,0.7708,0.5515,0.2694,2,ok
0,252,4.030041,-0.199923,1.461546,-0.010335,0.020124,7.638415,0.199937,-0.088680,-0.088680,0.000000,C-06,0,0,0,1,1,0,-0.004001,-0.124127,0.7292,0.5557,0.2638,2,ok
0,253,4.032579,-0.176087,1.445836,-0.009785,0.004415,7.662380,0.199583,-0.208317,-0.208317,0.000000,,0,0,0,1,1,0,-0.005165,-0.140920,0.7500,0.5811,0.2655,2,ok
0,254,4.035042,-0.156244,1.446338,-0.009966,-0.019784,7.682150,0.200011,0.026773,0.026773,0.000000,C-06,0,0,0,1,1,0,-0.006730,-0.178011,0.7083,0.5780,0.2654,2,ok
0,255,4.038026,-0.132399,1.470389,-0.010409,0.004267,7.706176,0.200515,0.334433,0.334433,0.000000,C-06,0,0,0,1,1,0,-0.006854,-0.191239,0.7500,0.5678,0.2634,2,ok
0,256,4.041009,-0.108475,1.517073,-0.011037,0.026781,7.730005,0.201228,0.605814,0.605814,0.000000,C-06,0,0,0,1,1,0,-0.008003,-0.184177,0.7917,0.6082,0.2636,2,ok
0,257,4.042711,-0.088496,1.531718,-0.011120,0.041426,7.750056,0.200429,0.181361,0.181361,0.000000,C-06,0,0,0,1,1,0,-0.005413,-0.163611,0.8125,0.5902,0.2649,2,ok
0,258,4.043600,-0.068510,1.534046,-0.010393,0.043754,7.770049,0.200036,0.022543,0.022543,0.000000,C-06,0,0,0,1,1,0,0.000600,-0.138586,0.8125,0.5205,0.2607,2,ok
0,259,4.044557,-0.044526,1.535643,-0.009886,0.019915,7.793780,0.200029,0.019061,0.019061,0.000000,,0,0,0,1,1,0,-0.001618,-0.140870,0.7917,0.5783,0.2660,2,ok
0,260,4.045337,-0.024531,1.570028,-0.009572,0.054301,7.813787,0.200151,0.582218,0.582218,0.000000,C-06,0,0,0,1,1,0,-0.001365,-0.145256,0.7708,0.5560,0.2629,2,ok
0,261,4.046168,-0.000533,1.590769,-0.009293,0.048988,7.837586,0.200035,0.220657,0.220657,0.000000,C-06,0,0,0,1,1,0,-0.000671,-0.155323,0.7500,0.5874,0.2666,2,ok
0,262,4.045814,0.023461,1.593638,-0.008173,0.051857,7.861557,0.199981,0.022374,0.022374,0.000000,C-06,0,0,0,1,1,0,0.001493,-0.141526,0.7500,0.5970,0.2670,2,ok
0,263,4.045395,0.043458,1.580327,-0.007115,0.038546,7.881530,0.200034,-0.217286,-0.217286,0.000000,C-06,0,0,0,1,1,0,0.002614,-0.144820,0.7083,0.5816,0.2673,2,ok
0,264,4.045077,0.067457,1.577258,-0.006733,0.007891,7.905315,0.200010,-0.025039,-0.025039,0.000000,C-06,0,0,0,1,1,0,-0.004822,-0.182557,0.7292,0.7049,0.2726,2,ok
0,265,4.044866,0.091455,1.592421,-0.006478,0.023054,7.929312,0.199964,0.196986,0.196986,0.000000,C-06,0,0,0,1,1,0,-0.003348,-0.194023,0.7292,0.6599,0.2634,2,ok
0,266,4.044693,0.111446,1.609709,-0.006624,0.010680,7.949135,0.199863,0.253472,0.253472,0.000000,,0,0,0,1,1,0,-0.003555,-0.195825,0.7917,0.6568,0.2600,2,ok
0,267,4.044521,0.131421,1.630718,-0.006935,0.031689,7.969108,0.199662,0.311782,0.311782,0.000000,,0,0,0,1,1,0,-0.003158,-0.185967,0.8333,0.6646,0.2631,2,ok
0,268,4.043594,0.155369,1.642304,-0.006710,0.010426,7.992852,0.199703,0.129974,0.129974,0.000000,C-06,0,0,0,1,1,0,-0.004478,-0.183020,0.7708,0.7104,0.2629,2,ok
0,269,4.042663,0.175305,1.659745,-0.006919,0.027867,8.012809,0.199445,0.274273,0.274273,0.000000,,0,0,0,1,1,0,-0.003545,-0.173175,0.8125,0.7007,0.2664,2,ok
0,270,4.041537,0.199178,1.687287,-0.007158,0.055409,8.036708,0.198921,0.352979,0.352979,0.000000,,0,0,0,1,1,0,-0.007756,-0.180975,0.7708,0.8178,0.2712,2,ok
0,271,4.038882,0.223021,1.681176,-0.006490,0.015830,8.060437,0.200091,-0.108784,-0.108784,0.000000,C-06,0,0,0,1,1,0,-0.002876,-0.171928,0.7708,0.7353,0.2634,2,ok
0,272,4.036590,0.242922,1.655747,-0.006069,-0.009598,8.080466,0.200566,-0.423101,-0.423101,0.000000,C-06,0,0,0,1,1,0,-0.006724,-0.182809,0.7292,0.8247,0.2710,2,ok
0,273,4.034489,0.266824,1.669701,-0.006453,-0.030284,8.104215,0.199775,0.222952,0.222952,0.000000,C-06,0,0,0,1,1,0,-0.014282,-0.219464,0.7083,0.9285,0.2735,2,ok
0,274,4.032433,0.290660,1.707158,-0.007560,0.007172,8.128114,0.198931,0.502492,0.502492,0.000000,C-06,0,0,0,1,1,0,-0.014254,-0.239417,0.7292,0.8956,0.2683,2,ok
0,275,4.030719,0.310414,1.748770,-0.008467,0.048784,8.147921,0.197666,0.666887,0.666887,0.000000,C-06,0,0,0,1,1,0,-0.013038,-0.212387,0.8125,0.9289,0.2634,2,ok
0,276,4.027672,0.330072,1.761221,-0.008538,0.026550,8.167534,0.199077,0.158325,0.158325,0.000000,C-06,0,0,0,1,1,0,-0.008423,-0.187940,0.8125,0.8900,0.2676,2,ok
0,277,4.024386,0.349677,1.779188,-0.008525,0.044518,8.187413,0.198458,0.301564,0.301564,0.000000,,0,0,0,1,1,0,-0.007229,-0.178933,0.8333,0.8885,0.2663,2,ok
0,278,4.020076,0.373114,1.795962,-0.008274,0.028068,8.210978,0.198575,0.221831,0.221831,0.000000,,0,0,0,1,1,0,-0.008056,-0.173988,0.7917,0.9411,0.2662,2,ok
0,279,4.016259,0.392571,1.813176,-0.008348,0.045282,8.230805,0.198099,0.288018,0.288018,0.000000,,0,0,0,1,1,0,-0.006990,-0.169749,0.7917,0.9403,0.2657,2,ok
0,280,4.012278,0.411930,1.836754,-0.008241,0.068860,8.250569,0.197281,0.401998,0.401998,0.000000,,0,0,0,1,1,0,-0.009132,-0.180305,0.7917,1.0393,0.2697,2,ok
0,281,4.006082,0.435079,1.836727,-0.007157,0.035919,8.274254,0.199965,-0.031097,-0.031097,0.000000,C-06,0,0,0,1,1,0,-0.005647,-0.175749,0.7500,0.9893,0.2649,2,ok
0,282,4.000829,0.454418,1.818716,-0.006462,0.017908,8.294282,0.200825,-0.329193,-0.329193,0.000000,C-06,0,0,0,1,1,0,-0.008913,-0.188387,0.7500,1.0974,0.2717,2,ok
0,283,3.994945,0.477657,1.829824,-0.006149,-0.004661,8.318072,0.199439,0.180096,0.180096,0.000000,C-06,0,0,0,1,1,0,-0.010733,-0.223104,0.7083,1.1067,0.2676,2,ok
0,284,3.989863,0.496894,1.870584,-0.006179,0.036099,8.337969,0.197908,0.780271,0.780271,0.000000,C-06,0,0,0,1,1,0,-0.012280,-0.243584,0.7292,1.1442,0.2668,2,ok
0,285,3.984722,0.515917,1.897421,-0.006096,0.062937,8.357674,0.196753,0.436439,0.436439,0.000000,C-06,0,0,0,1,1,0,-0.008119,-0.227432,0.7500,1.1165,0.2688,2,ok
0,286,3.977519,0.538583,1.913203,-0.005426,0.043043,8.381237,0.198304,0.216158,0.216158,0.000000,C-06,0,0,0,1,1,0,-0.005347,-0.205820,0.8333,1.1173,0.2679,2,ok
0,287,3.970900,0.557428,1.910019,-0.004610,0.039858,8.401194,0.199988,-0.080816,-0.080816,0.000000,C-06,0,0,0,1,1,0,-0.006583,-0.202496,0.8542,1.1841,0.2748,2,ok
0,288,3.964244,0.576316,1.901526,-0.003770,0.031365,8.421203,0.200501,-0.152779,-0.152779,0.000000,,0,0,0,1,1,0,-0.005435,-0.203580,0.8333,1.1711,0.2726,2,ok
0,289,3.956418,0.598867,1.943713,-0.003682,0.036129,8.444936,0.197452,0.708931,0.708931,0.000000,C-06,0,0,0,1,1,0,-0.004317,-0.232194,0.7708,1.1351,0.2672,2,ok
0,290,3.949886,0.617365,1.977516,-0.003572,0.069931,8.464553,0.195497,0.603881,0.603881,0.000000,,0,0,0,1,1,0,-0.005232,-0.248151,0.7708,1.2158,0.2699,2,ok
0,291,3.942078,0.635730,1.975176,-0.002469,0.026976,8.484364,0.200158,-0.106395,-0.106395,0.000000,C-06,0,0,0,1,1,0,-0.001425,-0.230874,0.7708,1.1774,0.2696,2,ok
0,292,3.932641,0.657897,1.951320,-0.001826,0.003120,8.508448,0.201565,-0.383943,-0.383943,0.000000,C-06,0,0,0,1,1,0,-0.001169,-0.244433,0.7708,1.1740,0.2650,2,ok
0,293,3.925119,0.676413,1.969226,-0.001624,0.021026,8.528432,0.199051,0.393977,0.393977,0.000000,C-06,0,0,0,1,1,0,-0.006849,-0.280071,0.7292,1.2636,0.2599,2,ok
0,294,3.917631,0.694746,1.995074,-0.002008,0.004104,8.548163,0.197160,0.481733,0.481733,0.000000,,0,0,0,1,1,0,-0.010300,-0.312792,0.7083,1.3109,0.2613,2,ok
0,295,3.908443,0.716396,2.039824,-0.002392,0.048854,8.571679,0.195020,0.718390,0.718390,0.000000,C-06,0,0,0,1,1,0,-0.006515,-0.299241,0.7083,1.2497,0.2610,2,ok
0,296,3.900145,0.734065,2.077085,-0.001975,0.086116,8.588828,0.195407,0.718729,0.718729,0.000000,,0,0,0,1,1,0,-0.003135,-0.267419,0.8125,1.2234,0.2576,2,ok
0,297,3.888970,0.754857,2.109681,-0.001365,0.073197,8.614697,0.196977,0.523286,0.523286,0.000000,C-06,0,0,0,1,1,0,0.001344,-0.243573,0.8333,1.1658,0.2585,2,ok
0,298,3.878819,0.771971,2.118462,0.000078,0.081978,8.634543,0.199194,0.143316,0.143316,0.000000,C-06,0,0,0,1,1,0,0.003352,-0.232927,0.8333,1.1375,0.2568,2,ok
0,299,3.868456,0.789080,2.110701,0.001236,0.026763,8.654549,0.200419,-0.178986,-0.178986,0.000000,C-06,0,0,0,1,1,0,0.007195,-0.225975,0.8333,1.0920,0.2552,2,ok
0,300,3.856049,0.809555,2.130616,0.002051,0.046678,8.678476,0.198600,0.369831,0.369831,0.000000,C-06,0,0,0,1,1,0,0.006914,-0.262639,0.7917,1.0904,0.2495,2,ok
